Code,Product,Quantity on Hand,Reserved,Available
9,Wardah Roll On For Her 60 ml,25930,750,25180
11,Wardah C-Defense DD Cream Light 20 ml (Pc(s)),31932,504,31428
12,Wardah C-Defense DD Cream Natural 20 ml (Pc(s)),43057,504,42553
13,Wardah C-defense Serum 17 ml (Pc(s)),24720,150,24570
57,Wardah Exclusive Liquid Foundation 02 Sheer Pink 20 ml (Pc(s)),10,0,10
58,Wardah Exclusive Liquid Foundation 03 Sandy Beige 20 ml,1,0,1
59,Wardah Exclusive Liquid Foundation 04 Natural 20 ml,1,0,1
71,Wardah EyeXpert Aqua Lash Mascara 6 gr (Pc(s)),16104,0,16104
72,Wardah EyeXpert Eye & Lip Makeup Remover 50 ml,4032,0,4032
73,Wardah EyeXpert Eye & Lip Makeup Remover 100 ml,12840,60,12780
76,Wardah EyeXpert Optimum Hi-Black Liner 1 gr (Pc(s)),247624,120,247504
77,Wardah EyeXpert Perfectcurl Mascara 7 gr (Pc(s)),31290,144,31146
79,"Wardah Eyexpert Staylast Liquid Eyeliner 3,5 gr (Pc(s))",13920,144,13776
80,Wardah Lightening BB Cream Light 15 ml (pc(s)),114289,1152,113137
81,Wardah Lightening BB Cream Light 30 ml (Pc(s)),8678,0,8678
82,Wardah Lightening BB Cream Natural 15 ml (pc(s)),71376,1152,70224
83,Wardah Lightening BB Cream Natural 30 ml (Pc(s)),12492,72,12420
95,Wardah Lightening Milk Cleanser 150 ml,16,0,16
117,Wardah Blush On A 4 gr,4319,240,4079
119,Wardah Blush On C 4 gr,9240,0,9240
124,Wardah Evd Lum Compact Powder 04 Natural 14 g (Pc(s)),2,0,2
125,"Wardah Double Function Kit 4,5 gr",3,0,3
126,Wardah Everyday BB Cream Light 15 ml (pc(s)),31728,336,31392
128,Wardah Everyday BB Cream Natural 15 ml (Pc(s)),58032,672,57360
129,Wardah Everyday BB Cream Natural 30 ml (Pc(s)),10512,72,10440
131,"Wardah Evd Lum Creamy Foundation Extra Cover 02 Light Beige 8,5 g (Pc(s))",6,0,6
132,"Wardah Evd Lum Creamy Foundation Extra Cover 03 Beige 8,5 g (Pc(s))",1,0,1
138,Wardah Evd Lum Face Powder 01 Light Beige 30 g (Pc(s)),3888,48,3840
139,Wardah Evd Lum Face Powder 02 Beige 30 g (Pc(s)),4080,144,3936
140,Wardah Evd Lum Face Powder 03 Ivory 30 g (Pc(s)),4128,192,3936
141,Wardah Evd Lum Face Powder 04 Natural 30 g (Pc(s)),3888,96,3792
142,Wardah Evd Lum Liquid Foundation 02 Light Beige 40 ml (Pc(s)),48,0,48
143,Wardah Evd Lum Liquid Foundation 03 Beige 40 ml (Pc(s)),1,0,1
146,Wardah Evd Lum Two Way Cake 01 Light Beige 12 g (Pc(s)),4428,72,4356
147,Wardah Evd Lum Two Way Cake 02 Beige 12 g (Pc(s)),5184,72,5112
148,Wardah Evd Lum Two Way Cake 03 Ivory 12 g (Pc(s)),5040,36,5004
149,Wardah Evd Lum Two Way Cake 04 Light Ivory 12 g (Pc(s)),4644,36,4608
217,Wardah Refill Evd Lum Two Way Cake 01 Light Beige 12 g (Pc(s)),11303,0,11303
218,Wardah Refill Evd Lum Two Way Cake 02 Beige 12 g (Pc(s)),9012,0,9012
219,Wardah Refill Evd Lum Two Way Cake 03 Ivory 12 g (Pc(s)),8484,144,8340
220,Wardah Refill Evd Lum Two Way Cake 04 Light Ivory 12 g (Pc(s)),6766,288,6478
243,Wardah Sunscreen Gel SPF 30 40 ml (Pc(s)),1467,0,1467
244,Wardah Renew You Anti Aging Day Cream 17 ml (pc(s)),33,0,33
245,Wardah Renew You Anti Aging Day Cream 30 gr (Pc(s)),28,0,28
246,Wardah Renew You Anti Aging Intensive Serum 17 ml (Pc(s)),10,0,10
247,Wardah Renew You Anti Aging Night Cream 17 ml (pc(s)),4,0,4
248,Wardah Renew You Anti Aging Night Cream 30 gr (Pc(s)),1,0,1
264,Wardah Creamy Body Butter With Lavender & Ginger 50 ml (Pc(s)),3520,0,3520
265,Wardah Creamy Body Butter With Milk & Pearl 50 ml (Pc(s)),4128,0,4128
266,Wardah Creamy Body Butter With Olive 50 ml (pc(s)),640,32,608
267,Wardah Creamy Body Butter With Passion Fruit 50 ml (Pc(s)),1824,32,1792
268,Wardah Creamy Body Butter With Rose 50 ml (pc(s)),2016,0,2016
269,Wardah Creamy Body Butter With Strawberry 50 ml (Pc(s)),1444,0,1444
270,Wardah Creamy Body Butter With Lavender & Ginger 100 ml (pc(s)),66,0,66
282,Wardah Olive Oil For Massage 150 ml,3121,576,2545
283,Wardah Pure Olive Oil 50 ml,4340,28,4312
284,Wardah Soft Body Scrub With Olive 150 ml (Pc(s)),2177,24,2153
285,Wardah Soft Body Scrub With Olive 240 ml (Pc(s)),528,0,528
286,Wardah Soft Body Scrub With Passion Fruit 150 ml (Pc(s)),1944,0,1944
287,Wardah Soft Body Scrub With Strawberry 150 ml (Pc(s)),1416,12,1404
288,Paket Haji Dan Umroh Wardah (Pc(s)),2515,0,2515
289,Wardah White Secret Day Cream 17 ml (pc(s)),1,0,1
290,Wardah White Secret Day Cream 30 gr (pc(s)),2424,0,2424
292,"White Secret Exfoliating Scrub, 40 ml",6,0,6
294,Wardah White Secret Facial Wash with AHA 100 ml (pc(s)),27,0,27
296,Wardah White Secret Night Cream 17 ml (pc(s)),33,0,33
297,Wardah White Secret Night Cream 30 gr (Pc(s)),5,0,5
301,"Hair Tonic Ginseng, 200 ml",22224,600,21624
303,"Hair Tonic Ginseng, 450 ml",6096,108,5988
304,"Hair Tonic Ginseng, 2 L",717,6,711
305,"Hair Tonic Normal Hair (Yellow), 200 ml",9720,120,9600
307,"Hair Tonic Normal Hair (Yellow), 450 ml",2316,12,2304
308,"Hair Tonic Normal Hair (Yellow), 2 L",366,6,360
309,"Hair Tonic Normal to Oily Hair (Green), 200 ml",26856,480,26376
311,"Hair Tonic Normal to Oily Hair (Green), 450 ml",13176,204,12972
312,"Hair Tonic Normal to Oily Hair (Green), 2 L",2481,57,2424
314,Putri Natural Candlenut Oil 100 ML (Pc(s)),216,0,216
330,Putri Platinum Deep Moisturizer Spray 200 ML (Pc(s)),2,0,2
332,Putri Platinum Hair Mask 720 ML (Pc(s)),432,0,432
334,Putri Platinum Neutralizer Step 2 720 ML (Pc(s)),1524,36,1488
336,Putri Platinum Pustreite Step 1 720 ML (Pc(s)),1656,36,1620
339,Putri Cold Wave 450 ML (Pc(s)),1324,0,1324
343,Putri Neutralizer Lotion 450 ML (Pc(s)),792,0,792
347,Putri Pustreite Step 1 720 ML (Pc(s)),228,0,228
349,Putri Pustreite Step 2 720 ML (Pc(s)),48,24,24
350,Putri Pure Clean Hair Conditioner Apple 200 ML (Pc(s)),2904,24,2880
351,Putri Pure Clean Hair Conditioner Apple 450 ML (Pc(s)),2640,24,2616
352,Putri Pure Clean Hair Conditioner Apple 2 L (Pc(s)),699,0,699
355,Putri Pure Clean Hair Conditioner Floral 200 ML (Pc(s)),1104,264,840
356,Putri Pure Clean Hair Conditioner Floral 450 ML (Pc(s)),792,0,792
357,Putri Pure Clean Hair Conditioner Floral 2 L (Pc(s)),426,0,426
360,Putri Pure Clean Shampoo Apple 200 ML (Pc(s)),3864,72,3792
361,Putri Pure Clean Shampoo Apple 450 ML (Pc(s)),1296,36,1260
362,Putri Pure Clean Shampoo Apple 2 L (Pc(s)),291,0,291
365,Putri Pure Clean Shampoo Lemon 200 ML (Pc(s)),960,0,960
366,Putri Pure Clean Shampoo Lemon 450 ML (Pc(s)),1104,0,1104
367,Putri Pure Clean Shampoo Lemon 2 L (Pc(s)),399,0,399
377,"Hair Tonic SPA Energizing Lemon, 200 ml",72,0,72
381,Putri Massage Cream 1 KG (Pc(s)),198,0,198
382,Putri Olive Body Scrub 150 ML (Pc(s)),894,0,894
389,Putri SPA Energizing Shampoo (Lemon) 450 ML (Pc(s)),168,0,168
391,Putri SPA Relaxing Shampoo (Lavender) 450 ML (Pc(s)),57,0,57
398,Putri Styling Glaze 200 ML (Pc(s)),168,0,168
400,Putri Wet Jelly 100 ML (Pc(s)),1632,0,1632
401,Putri Wet Look 100 ML (Pc(s)),3816,108,3708
514,MAKE OVER Corrective Base Make Up 02 Greenish 40 ml (Pc(s)),0,0,0
515,MAKE OVER Hydration Serum 33 ml (Pc(s)),5632,40,5592
516,MAKE OVER Camouflage Cream Face Concealer 5X2g (Pc(s)),799,0,799
517,MAKE OVER Face Contour Kit 14 g (Pc(s)),2472,0,2472
518,MAKE OVER Perfect Cover Creamy Foundation 01 Rich Almond 12 g (Pc(s)),0,0,0
524,MAKE OVER Perfect Cover Creamy Foundation 07 Frosted White 12 g (Pc(s)),0,0,0
526,MAKE OVER Ultra Cover Liquid Matt Foundation 01 Ochre 33 ml (Pc(s)),2745,80,2665
527,MAKE OVER Ultra Cover Liquid Matt Foundation 02 Pink Shade 33 ml (pc(s)),959,40,919
528,MAKE OVER Ultra Cover Liquid Matt Foundation 03 Nude Silk 33 ml (pc(s)),940,20,920
529,MAKE OVER Ultra Cover Liquid Matt Foundation 04 Amber Rose 33 ml (Pc(s)),5,0,5
530,MAKE OVER Ultra Cover Liquid Matt Foundation 05 Velvet Nude 33 ml (pc(s)),3260,40,3220
531,MAKE OVER Ultra Cover Liquid Matt Foundation 06 Beige Blast 33 ml (pc(s)),243,0,243
557,MAKE OVER Silky Smooth Translucent Powder 01 Porcelain 35 g (Pc(s)),4080,34,4046
558,MAKE OVER Silky Smooth Translucent Powder 02 Rosy 35 g (Pc(s)),4930,170,4760
559,MAKE OVER Silky Smooth Translucent Powder 03 Champagne 35 g (Pc(s),2410,34,2376
560,MAKE OVER Silky Smooth Translucent Powder 04 Toffee 35 g (Pc(s)),653,68,585
561,MAKE OVER Silky Smooth Translucent Powder 05 Snow 35 g (Pc(s)),2658,34,2624
586,MAKE OVER Powder Eye Shadow Golden Attack 2 g (Pc(s)),4,0,4
621,MAKE OVER Sparkling Powder Gold 2 g (Pc(S)),20,0,20
622,MAKE OVER Sparkling Powder Silver 2 g (Pc(s)),78,0,78
623,MAKE OVER Trivia Eye Shadow Black Goddiva 6 g (Pc(s)),1,0,1
624,MAKE OVER Trivia Eye Shadow Emperor Brown 6 g (Pc(s)),2745,0,2745
625,MAKE OVER Trivia Eye Shadow Golden Espress 6 g (Pc(s)),791,0,791
626,MAKE OVER Trivia Eye Shadow Indian Summer 6 g (Pc(s)),4974,36,4938
633,MAKE OVER Trivia Eye Shadow Enchanting Nude Spell 6 g (Pc(s)),330,0,330
635,MAKE OVER Trivia Eye Shadow Dolly Crush 6 g (Pc(s)),2,0,2
636,MAKE OVER Trivia Eye Shadow Magical Fairy Tale 6 g (Pc(s)),4,0,4
637,"MAKE OVER Eyebrow Pencil Black Lines 1,14 g (Pc(s))",8127,0,8127
638,"MAKE OVER Eyebrow Pencil Brown To Earth 1,14 g (Pc(s))",46631,0,46631
640,"MAKE OVER Eye Liner Pencil Black Jack 1,2 g (Pc(s))",54626,0,54626
641,"MAKE OVER Eye Liner Pencil Brown Latte 1,2 g (Pc(s))",5198,720,4478
642,"MAKE OVER Eye Liner Pencil Navy Blue 1,2 g (Pc(s))",30,0,30
643,"MAKE OVER Eye Liner Pencil White Techno 1,2 g (Pc(s))",4572,0,4572
649,"MAKE OVER Eye Liner Pencil Silver Lines 1,2 g (Pc(s))",5943,0,5943
650,"MAKE OVER Eye Liner Pencil Nude Sleek 1,2 g (Pc(s))",109,0,109
652,MAKE OVER Eye Liner Pencil Package Black Jack (Pc(s)),7,0,7
658,MAKE OVER BO Single 03 Promiscious Peach 6g (Pc(s)),5148,36,5112
661,MAKE OVER BO Single 06 Caribbean Sunset 6 g (Pc(s)),2160,72,2088
662,MAKE OVER BO Single 07 Scarlet Sheen 6 g (Pc(s)),1308,0,1308
663,MAKE OVER BO Single 08 Cruise Coral 6 g (Pc(s)),936,0,936
664,MAKE OVER BO Single 09 Summer Twist 6 g (Pc(s)),1471,0,1471
665,"MAKE OVER BO 01 Pink Fantasist Refill Pack 3,5 g (pc(s))",19,0,19
667,"MAKE OVER BO 03 Promiscious Peach Refill Pack 3,5 g (Pc(s))",3,0,3
670,"MAKE OVER BO 06 Caribbean Sunset Refill Pack 3,5 g (Pc(s))",6,0,6
673,MAKE OVER BO 09 Summer Twist Refill Pack 3.5 g (Pc(s)),6,0,6
674,MAKE OVER Cheek Marbles 20 g (Pc(s)),170,0,170
675,"MAKE OVER Perfect Shade Blush On Palette 8X3,5 g (Pc(s))",331,24,307
691,"MAKE OVER Lip Color Palette Peplum Pink 02 5x1,7 g (Pc(s))",0,0,0
748,"MAKE OVER Lipbalm Lip Nutrition Melon Crazy 3,8 g (Pc(s))",184,0,184
750,"MAKE OVER Lipbalm Lip Nutrition Vanilla Latte 3,8 g (Pc(s))",50,0,50
758,MAKE OVER Make Up Remover 100 ml (Pc(s)),224,0,224
759,MAKE OVER Toner 100 ml (Pc(s)),2,0,2
764,MAKE OVER Small Sharpener (Pc(s)),4503,20,4483
775,Emina Cheek Lit Cream Blush Pink 10 ml (Pc(s)),3290,0,3290
776,Emina Cheek Lit Cream Blush Peach 10 ml (Pc(s)),5600,0,5600
777,Emina Cheek Lit Pressed Blush Bittersweet 3.5 gr (Pc(s)),4080,0,4080
778,Emina Cheek Lit Pressed Blush Cherry Blossoms 3.5 gr (Pc(s)),2888,0,2888
779,Emina Cheek Lit Pressed Blush Cotton Candy 3.5 gr (Pc(s)),8640,120,8520
780,Emina Cheek Lit Pressed Blush Marshmallow Lady 3.5 gr (Pc(s)),7320,120,7200
781,Emina Cheek Lit Pressed Blush Sugarcane 3.5 gr (Pc(s)),4680,120,4560
782,Emina Cheek Lit Pressed Blush Violet Berry 3.5 gr (Pc(s)),3360,0,3360
794,Emina Liquid Lip Shine Wineberry 4.5 ml (Pc(s)),12,0,12
811,Emina Pop Rouge Pressed Eye Shadow Gelato 3.3 gr (Pc(s)),99,0,99
812,Emina Pop Rouge Pressed Eye Shadow Romantic 3.3 gr (Pc(s)),123,0,123
814,Emina Pop Rouge Pressed Eye Shadow Nude 3.3 gr (Pc(s)),1512,252,1260
815,Emina Eye Do! Pencil Eye Liner Black 1 gr (Pc(s)),7698,0,7698
816,Emina Eye Do! Pencil Eye Liner Brown 1 gr (Pc(s)),5093,0,5093
820,Emina Agent of Brow Black 1.2 gr (Pc(s)),20159,0,20159
821,Emina Agent of Brow Brown 1.2 gr (Pc(s)),32465,0,32465
822,Emina Star Lash Aqua Mascara 5 gr (Pc(s)),312,0,312
827,Emina Eye Do! Crayon Pour Les Yeux Black 0.2 gr (Pc(s)),5040,0,5040
886,MAKE OVER Perfect Cover TWC 01 Lace 12 g (Pc(s)),1671,0,1671
887,MAKE OVER Perfect Cover TWC 02 Coral 12 g (Pc(s)),2376,48,2328
888,MAKE OVER Perfect Cover TWC 03 Maple 12 g (Pc(s)),6814,24,6790
889,MAKE OVER Perfect Cover TWC 04 Desert 12 g (Pc(s)),9816,0,9816
890,MAKE OVER Perfect Cover TWC 05 Cinnamon 12 g (Pc(s)),1032,0,1032
891,MAKE OVER Perfect Cover TWC 07 Espresso 12 g (Pc(s)),984,0,984
892,MAKE OVER Perfect Cover TWC 06 Cappuccino 12 g (Pc(s)),823,0,823
893,MAKE OVER Perfect Cover Refill TWC 01 Lace 12 g (Pc(s)),2016,72,1944
894,MAKE OVER Perfect Cover Refill TWC 02 Coral 12 g (Pc(s)),1584,72,1512
895,MAKE OVER Perfect Cover Refill TWC 03 Maple 12 g (Pc(s)),3744,72,3672
896,MAKE OVER Perfect Cover Refill TWC 04 Desert 12 g (Pc(s)),3744,0,3744
897,MAKE OVER Perfect Cover Refill TWC 05 Cinnamon 12 g (Pc(s)),3,0,3
900,MAKE OVER Perfect Cover TWC 08 Honey 12 g (Pc(s)),2089,0,2089
901,MAKE OVER Perfect Cover Refill TWC 08 Honey 12 g (Pc(s)),1862,0,1862
927,"Wardah Eye Shadow I 3,3 gr (pc(s))",5040,120,4920
933,"Wardah Eye Shadow A 3,3 gr (pc(s))",7320,120,7200
939,"Wardah Eye Shadow G 3,3 gr (pc(s))",120,0,120
940,"Wardah EyeXpert Eyeshadow Classic 3,3 gr",12600,0,12600
941,"Wardah EyeXpert Eyeshadow Passionate 3,3 gr",240,0,240
943,Wardah Exclusive Matte Lip Cream 02 Fuschionately 4 gr (Pc(s)),8,0,8
944,Wardah Exclusive Matte Lip Cream 03 See You Latte 4 gr (Pc(s)),8,0,8
946,Wardah Exclusive Matte Lip Cream 05 Speachless 4 gr (Pc(s)),249,0,249
947,Wardah Exclusive Matte Lip Cream 06 Feeling Red 4 gr (Pc(s)),72,0,72
948,Wardah Eye Liner Black,45202,840,44362
957,Emina Sugar Rush Lip Scrub 4.2 gr (Pc(s)),11088,144,10944
976,"MAKE OVER Professional Highlight & Contour Palette 8 x 3,5 g (Pc(s))",2,0,2
979,"MAKE OVER Intense Matte Lip Cream 001 Lavish 6,5 g (Pc(s))",60,0,60
980,"MAKE OVER Intense Matte Lip Cream 002 Heiress 6,5 g (Pc(s))",2232,0,2232
981,"MAKE OVER Intense Matte Lip Cream 003 Secret 6,5 g (Pc(s))",5128,0,5128
982,"MAKE OVER Intense Matte Lip Cream 004 Vanity 6,5 g (Pc(s))",3222,0,3222
983,"MAKE OVER Intense Matte Lip Cream 005 Impulse 6,5 g (Pc(s))",2487,0,2487
984,"MAKE OVER Intense Matte Lip Cream 006 Cosmopolitan 6,5 g (Pc(s))",3210,0,3210
985,"MAKE OVER Intense Matte Lip Cream 007 Scarlet 6,5 g (Pc(s))",3000,0,3000
986,"MAKE OVER Intense Matte Lip Cream 008 Libertine 6,5 g (Pc(s))",3842,96,3746
987,MAKE OVER BO Single 10 Passion Pink 6 g (Pc(s)),1044,0,1044
1016,Emina Dirt-less In Sight Make UP Remover 50 ml (Pc(s)),112,56,56
1018,Emina Top Secret Eyebrow 2.9 gr (Pc(s)),1134,504,630
1021,Emina Moist In a Bottle 50 ml (Pc(s)),5668,0,5668
1039,Emina Creamy Milk Cleansing Lotion 50 ml (Pc(s)),4312,0,4312
1041,Wardah C-Defense Face Mist 55 ml (Pc(s)),2720,160,2560
1045,Emina Green Tea Latte Face Mask 60 ml (Pc(s)),3060,36,3024
1051,MAKE OVER TWC Palette 3X12 g (Pc(s)),220,0,220
1075,Wardah Exclusive Matte Lip Cream 09 Mauve On 4 gr (Pc(S)),57,0,57
1076,Wardah Exclusive Matte Lip Cream 10 Berry Pretty 4 gr (Pc(s)),27,0,27
1078,Wardah Exclusive Matte Lip Cream 12 Plum It Up 4 gr (Pc(s)),99,0,99
1081,Emina Creamatte 02 Fuzzy Wuzzy 5.5 gr (Pc(s)),240,0,240
1082,Emina Creamatte 03 Mauvelous 5.5 gr (Pc(s)),4620,288,4332
1102,Emina Creamatte 05 Flamingo 5.5 gr (Pc(s)),204,0,204
1103,Emina Creamatte 06 Jelly Bean 5.5 gr (Pc(s)),444,12,432
1104,Emina Creamatte 07 Tumbleweed 5.5 gr (Pc(s)),84,0,84
1105,Wardah Lipstick Longlasting 01 Fabulous Peach 2.3 g (Pc(s)),168,0,168
1107,Wardah Lipstick Longlasting 03 Simply Brown 2.3 g (Pc(s)),828,36,792
1112,Wardah Lipstick Longlasting 08 Red Velvet 2.3 g (Pc(s)),348,12,336
1113,Wardah Lipstick Longlasting 09 Vibrant Red 2.3 g (Pc(s)),48,0,48
1114,Wardah Lipstick Longlasting 10 Stylish Mocca 2.3 g (Pc(s)),1105,72,1033
1123,Wardah Intense Matte Lipstick 05 Easy Brownie 2.3 g (Pc(s)),8,0,8
1128,Wardah Intense Matte Lipstick 10 Miss Terracotta 2.3 g (Pc(s)),5,0,5
1129,Wardah Intense Matte Lipstick 11 Choco Town 2.3 g (Pc(s)),3,0,3
1131,MAKE OVER Ultra Hi-Matte Lipstick 001 King of Pink 2.3 g (Pc(s)),1,0,1
1135,MAKE OVER Ultra Hi-Matte Lipstick 005 Champagne Rose 2.3 g (Pc(s)),1,0,1
1150,Wardah C-Defense Energizing Creamy Wash 100 ml (Pc(s)),16801,0,16801
1166,Emina Pop Rouge Pressed Eye Shadow Brick 3.3 gr (Pc(s)),57,0,57
1204,MAKE OVER Velvet Mattifying Primer 20 ml,15226,60,15166
1211,Emina Brush Set (Set),15573,32,15541
1219,"MAKE OVER Liquid Eye Liner Black 1,7 ml (Pc(s))",9705,0,9705
1220,Wardah Exclusive Matte Lip Cream 13 Fruit Punch 4 gr (Pc(s)),39,0,39
1221,Wardah Exclusive Matte Lip Cream 14 My Honey Bee 4 gr (Pc(s)),20,0,20
1223,Wardah Exclusive Matte Lip Cream 16 Heartbeet 4 gr (Pc(s)),7,0,7
1224,Wardah Exclusive Matte Lip Cream 17 Rosy Cheek 4 gr (Pc(s)),5,0,5
1225,Wardah Exclusive Matte Lip Cream 18 Saturdate Night 4 gr (Pc(s)),108,0,108
1226,Wardah C-Defense Energizing Creamy Wash 60 ml (Pc(s)),33156,3924,29232
1251,Emina Apricot Jam Face Scrub 60 ml (Pc(s)),144,108,36
1254,"MAKE OVER Intense Matte Lip Cream 015 Coquette 6,5 g (Pc(s))",2799,0,2799
1255,"MAKE OVER Intense Matte Lip Cream 016 Pixie 6,5 g (Pc(s))",3580,0,3580
1256,"MAKE OVER Intense Matte Lip Cream 017 Savvy 6,5 g (Pc(s))",24,12,12
1257,"MAKE OVER Intense Matte Lip Cream 018 Classic 6,5 g (Pc(s))",3660,0,3660
1258,"MAKE OVER Intense Matte Lip Cream 019 Vogue 6,5 g (Pc(s))",3732,0,3732
1259,"MAKE OVER Intense Matte Lip Cream 020 Style 6,5 g (Pc(s))",411,0,411
1266,Emina Grape Seed Olive Face Mask 60 ml (Pc(s)),1944,0,1944
1284,"MAKE OVER Intense Matte Lip Cream 012 Couture 6,5 g (Pc(s))",354,0,354
1424,"MAKE OVER Intense Matte Lip Cream 010 Lux 6,5 g (Pc(s))",57,0,57
1442,Wardah Tester Intense Matte Lipstick 15 Out of Red! 2.3 g (Pc(s)),0,0,0
1443,Wardah Tester Intense Matte Lipstick 16 Pecan Pie 2.3 g (Pc(s)),0,0,0
1444,"MAKE OVER Intense Matte Lip Cream 009 Posh 6,5 g (Pc(s))",3964,0,3964
1445,"MAKE OVER Intense Matte Lip Cream 011 Pompous 6,5 g (Pc(s))",4116,0,4116
1463,MAKE OVER Micellar Water 185 ml,3,0,3
1485,Wardah Anti Dandruff Shampoo 170 ml (Pc(s)),50,0,50
1486,Wardah Nutri Shine Shampoo 170 ml (Pc(s)),1908,0,1908
1488,Wardah Daily Fresh Shampoo 170 ml (Pc(s)),6,0,6
1491,"MAKE OVER Intense Matte Lip Cream 013 Dainty 6,5 g (Pc(s))",3234,0,3234
1492,"MAKE OVER Intense Matte Lip Cream 014 Coco 6,5 g (Pc(s))",2682,0,2682
1499,MAKE OVER Hyperblack Superstay Liner 1 g ,106039,0,106039
1507,MAKE OVER Brow Styler Eye Definer Mocha 0.13 g,2911,67,2844
1520,Wardah Perfect Bright Creamy Foam Brightening + Oil Control 60 ml (Pc(s)),540,0,540
1521,Wardah Perfect Bright Creamy Foam Brightening + Oil Control 100 ml (Pc(s)),30,0,30
1525,Wardah Nature Daily Mineral+ Clarifying Clay Mask 60 ml,6480,612,5868
1528,Wardah Everyday Fruity Sheer Lip Balm Strawberry 4 g,2784,2784,0
1529,Wardah Everyday Fruity Sheer Lip Balm Grape 4 g,7812,2208,5604
1530,Wardah Everyday Moisture Lip Nutrition Honey 4 g,5172,2880,2292
1531,Wardah Everyday Moisture Lip Nutrition Green Tea 4 g,3336,2544,792
1532,"Wardah Everyday Cheek and Lip Tint 01 Red, Set, Glow! 5.5 g",8,0,8
1533,Wardah Everyday Cheek and Lip Tint 02 My Baerry! 5.5 g,972,24,948
1554,Wardah Nature Daily Seaweed Cleansing Micellar Water 100 ml,4540,1092,3448
1555,Wardah Nature Daily Seaweed Cleansing Micellar Water 240 ml,16326,504,15822
1556,MAKE OVER Color Stick Matte Crayon 101 Brooklyn 2.6 g,17640,0,17640
1557,MAKE OVER Color Stick Matte Crayon 102 Iris 2.6 g,16376,48,16328
1558,MAKE OVER Color Stick Matte Crayon 103 Harper 2.6 g,24899,0,24899
1559,MAKE OVER Color Stick Matte Crayon 104 Blake 2.6 g,11817,48,11769
1560,MAKE OVER Color Stick Matte Crayon 105 Skye 2.6 g,90291,1440,88851
1571,Wardah EyeXpert The Volume Expert Mascara 7 gr (Pc(s)),44380,720,43660
1572,Wardah Acnederm Pure Foaming Cleanser 60 ml (Pc(s)),5772,2412,3360
1573,Wardah Acnederm Pore Refining Toner 100 ml (Pc(s)),17040,460,16580
1574,Wardah Acnederm Day Moisturizer 40 ml (Pc(s)),21335,720,20615
1575,Wardah Acnederm Acne Spot Treatment Gel 15 ml (Pc(s)),31878,336,31542
1576,Wardah Acnederm Pore Blackhead Balm 20 g (Pc(s)),5185,0,5185
1577,Wardah Acnederm Face Powder 20 g (Pc(s)),4416,192,4224
1578,Wardah Acnederm Night Treatment Moisturizer 40 ml (Pc(s)),9445,330,9115
1579,MAKE OVER Powerstay Weightless Liquid Foundation N10 Marble 33 ml,1,0,1
1584,MAKE OVER Powerstay Weightless Liquid Foundation W42 Warm Sand 33 ml,4,0,4
1587,MAKE OVER Powerstay Matte Powder Foundation N10 Marble 12 g,1992,72,1920
1588,MAKE OVER Powerstay Matte Powder Foundation W22 Warm Ivory 12 g,624,24,600
1589,MAKE OVER Powerstay Matte Powder Foundation C21 Pink Ivory 12 g,3024,48,2976
1590,MAKE OVER Powerstay Matte Powder Foundation W33 Honey Beige 12 g,1560,24,1536
1591,MAKE OVER Powerstay Matte Powder Foundation N30 Natural Beige 12 g,3216,312,2904
1592,MAKE OVER Powerstay Matte Powder Foundation W42 Warm Sand 12 g,1352,48,1304
1593,MAKE OVER Powerstay Matte Powder Foundation W41 Coral Sand 12 g,2136,24,2112
1594,MAKE OVER Powerstay Matte Powder Foundation C62 Rich Cocoa 12 g,180,24,156
1595,MAKE OVER Powerstay Mattifying Transparent Powder 11 g,1512,0,1512
1606,Wardah Nature Daily Aloe Hydramild Moisturizer Cream 40 ml,19500,360,19140
1607,Wardah Nature Daily Witch Hazel Purifying Moisturizer Gel 40 ml ,17136,120,17016
1608,Wardah Nature Daily Seaweed Balancing Facial Wash 60 ml ,15296,0,15296
1610,Wardah Nature Daily Seaweed Balancing Facial Scrub 60 ml ,5616,144,5472
1615,Wardah Renew You Hydrafirm Sleeping Mask 30 g,24,0,24
1616,Wardah Nature Daily Witch Hazel Purifying Serum 5 x 5 ml ,46,0,46
1617,Wardah Nature Daily Aloe Hydramild Multifunction Gel 100 ml,7200,0,7200
1619,Wardah Nature Daily Aloe Hydramild Facial Wash 60 ml ,3852,756,3096
1620,Wardah Nature Daily Aloe Hydramild Facial Wash 100 ml ,2615,570,2045
1621,Wardah Nature Daily Mineral+ Clarifying Facial Foam 60 ml ,13680,108,13572
1622,MAKE OVER Cliquematte Lip Stylo 201 Eclair 2 g,6447,0,6447
1623,MAKE OVER Cliquematte Lip Stylo 202 Hollywood 2 g,15356,12,15344
1624,MAKE OVER Cliquematte Lip Stylo 203 Crush 2 g,9320,0,9320
1626,MAKE OVER Cliquematte Lip Stylo 205 Jetsetter 2 g,2712,12,2700
1629,MAKE OVER Cliquematte Lip Stylo 208 Spotlight 2 g,2,0,2
1631,Wardah Nature Daily Mineral+ Clarifying Facial Foam 100 ml ,10772,60,10712
1632,Wardah Lightening Day Cream 30 g (Pc(s)),8,0,8
1633,Wardah Lightening Night Cream 30 g (Pc(s)),1,0,1
1635,Wardah Lightening Night Cream 20 ml (Pc(s)),6,0,6
1638,Wardah Perfect Bright Moisturizer SPF 28 20 ml,6,0,6
1639,Emina Magic Potion 01 Scarlet 5.5 ml,16932,0,16932
1640,Emina Magic Potion 02 Sunglow 5.5 ml,7164,264,6900
1641,Emina Magic Potion 03 Smitten 5.5 ml,6864,0,6864
1642,Emina Cheek Lit Cream Blush Violet 10 ml ,5950,70,5880
1643,Emina Cheek Lit Cream Blush Nudie Brown 10 ml ,980,70,910
1644,Emina Creamatte 08 Pumpkin Spice 5.5 gr ,60,0,60
1645,Emina Creamatte 09 Baby Fox 5.5 gr ,2136,0,2136
1646,Emina Creamatte 10 Starfish 5.5 gr ,540,0,540
1647,Emina Creamatte 11 Amazeballs 5.5 gr,2808,144,2664
1648,Emina Aqua Infused Sleeping Mask 30 g,8288,0,8288
1649,Emina Cranberry Juice Face Mask 60 ml ,7812,0,7812
1650,Emina Avocado Honey Face Mask 60 ml ,252,0,252
1651,MAKE OVER Silky Smooth Translucent Powder 06 Buttermilk 35 g,2992,34,2958
1652,MAKE OVER Silky Smooth Translucent Powder 07 Vanilla 35 g,4454,68,4386
1668,Wardah Lipstick Longlasting 17 Passionate Red 2.3 g,1044,12,1032
1673,MAKE OVER Powerstay Precision Liquid Liner Jet Black 2.7 g,1586,0,1586
1677,Emina Creamatte 12 Perky Plum 5.5 gr,12,12,0
1678,Emina Creamatte 13 Beet Bites 5.5 gr,2880,144,2736
1693,Wardah Instaperfect GLOSS CHIC Lip Crayon 02 Clue 2.7 g,7,0,7
1694,Wardah Instaperfect GLOSS CHIC Lip Crayon 03 Mind 2.7 g,1,0,1
1695,Wardah Instaperfect MATTECENTRIC Lip Crayon 01 Pace 3 g,6,0,6
1698,Wardah Instaperfect MATTECENTRIC Lip Crayon 04 Joy 3 g,6,0,6
1699,Wardah Instaperfect MATTECENTRIC Lip Crayon 05 Sense 3 g,9,0,9
1700,Wardah Instaperfect MATTECENTRIC Lip Crayon 06 Soul 3 g,2,0,2
1705,Wardah Hair Fall Treatment Conditioner 170 ml (Pc(s)),1566,414,1152
1706,Wardah Nutri Shine Conditioner 170 ml (Pc(s)),2826,198,2628
1707,Wardah EyeXpert Eyebrow Kit 3 g (Pc(s)),4896,0,4896
1708,Wardah Renew You Anti Aging Facial Wash 100 ml (Pc(s)),1643,0,1643
1709,Wardah Lightening Milk Cleanser 150 ml,16,0,16
1735,Emina Pore Ranger 20 ml (Pc(s)),22104,144,21960
1748,Wardah Lightening Loose Powder 01 Light Beige 20 g,12,0,12
1749,Wardah Lightening Loose Powder 02 Beige 20 g,1,0,1
1761,Wardah Instaperfect CITY BLUSH Blusher Click 01. Bliss 5.6 g,49,0,49
1763,MAKE OVER Riche Glow Face Highlighter 13 g,1872,96,1776
1771,MAKE OVER Lip Amplify Contour Liner 02 Flatter 0.2 g,6,0,6
1774,MAKE OVER Lip Amplify Contour Liner 05 Pin Up 0.2 g,2866,0,2866
1775,Wardah Scentsation Bliss Body Mist 100 ml (Pc(s)),16861,150,16711
1776,Wardah Scentsation Joyful Body Mist 100 ml (Pc(s)),6275,225,6050
1777,Wardah Scentsation Peaceful Body Mist 100 ml (Pc(s)),3980,75,3905
1778,Wardah Scentsation Passion Body Mist 100 ml (Pc(s)),7675,125,7550
1779,Wardah Scentsation Bliss Eau De Toilette 35 ml (Pc(s)),3084,36,3048
1780,Wardah Scentsation Joyful Eau De Toilette 35 ml (Pc(s)),7333,72,7261
1781,Wardah Scentsation Peaceful Eau De Toilette 35 ml (Pc(s)),7308,36,7272
1782,Wardah Scentsation Passion Eau De Toilette 35 ml (Pc(s)),7811,36,7775
1793,Emina Masquerade Face Mask Rice 23 g,122301,288,122013
1794,Emina Masquerade Face Mask Pomegranate 23 g,15733,96,15637
1797,Emina Masquerade Face Mask Tea Tree Oil 23 g,58682,48,58634
1803,Wardah Instaperfect HYPERGETIC Precise Black Liner 1 g,53772,24,53748
1838,MAKE OVER Multifix Matte Blusher 05 Heatshot 9 g,1,0,1
1840,Emina Bare With Me Mineral Cushion 02 Natural 15 g,25,7,18
1855,Wardah Instaperfect MATTETITUDE Matte Stain Lipstick 01. SWING 3.5 g,86,0,86
1856,Wardah Instaperfect MATTETITUDE Matte Stain Lipstick 02. NOBLE 3.5 g,342,0,342
1857,Wardah Instaperfect MATTETITUDE Matte Stain Lipstick 03. FEMME 3.5 g,541,0,541
1858,Wardah Instaperfect MATTETITUDE Matte Stain Lipstick 04. BUZZ 3.5 g,72,12,60
1859,Wardah Instaperfect MATTETITUDE Matte Stain Lipstick 05. FLUX 3.5 g,589,0,589
1880,Emina Bright Stuff Moisturizing Cream 20 ml,189216,4536,184680
1881,Emina Bright Stuff Face Wash 50 ml,7600,5250,2350
1883,Wardah Scentsation Purity Body Mist 100 ml (Pc(s)),6100,150,5950
1884,Wardah Scentsation Purity Eau De Toilette 35 ml (Pc(s)),6901,36,6865
1887,Emina Ms. Pimple Acne Solution Spot Gel 15 ml,25200,4452,20748
1889,Emina Bare With Me Mineral Loose Powder 02 Light Beige 8 g,1080,0,1080
1890,Emina Bare With Me Mineral Loose Powder 03 Amber 8 g,4,0,4
1891,Emina Bare With Me Mineral Loose Powder 04 Ebony 8 g,432,0,432
1894,Wardah Perfect Bright Tone Up Cream 20 ml,74,0,74
1895,Emina Daily Matte Loose Powder 01 Light Beige 20 g,4672,192,4480
1896,Emina Daily Matte Loose Powder 02 Natural Beige 20 g,3264,288,2976
1904,MAKE OVER Powerskin Water Charge Moisturizer 42 ml,1800,0,1800
1911,Wardah Instaperfect BROWFESSIONAL 3D Brow Mascara 01. BROWN 5.5 g,533,12,521
1916,Emina Lip Cushion 01. Let It Peach 9 g,1,0,1
1918,MAKE OVER Shimmering Powder Bronzed 13 gr,32,0,32
1920,MAKE OVER Shimmering Powder Goldinx 13 gr,1,0,1
1921,MAKE OVER Shimmering Powder Quartza 13 gr,44,0,44
1922,MAKE OVER Powerstay Ultra Glow Highlighter 3 x 3.5 g ,465,0,465
1923,Emina Sebum Fighter Loose Powder 8 g,1800,72,1728
1955,MAKE OVER POWERSTAY Color Correcting Primer Lilac 25 ml,2229,0,2229
1956,MAKE OVER POWERSTAY Color Correcting Primer Peach 25 ml,74,0,74
1957,MAKE OVER POWERSTAY Color Correcting Primer Yellow 25 ml,76,0,76
1958,MAKE OVER POWERSTAY Under Eye Perfecting Concealer 20 Light 1.8 ml,10,0,10
1967,Emina Bright Stuff Face Wash 100 ml,23440,0,23440
1968,MAKE OVER Powerskin Radiant Tinted Moisturizer 20 Light Beige 40 ml,175,0,175
1969,MAKE OVER Powerskin Radiant Tinted Moisturizer 30 Beige 40 ml,400,0,400
1971,Wardah Nature Daily Sheet Mask Aloe Vera 20 ml,600,0,600
1972,Wardah Nature Daily Sheet Mask Green Tea 20 ml,7,0,7
1973,Wardah Nature Daily Sheet Mask Vitamin C 20 ml,20,0,20
1974,Wardah Nature Daily Sheet Mask Rice 20 ml,8,0,8
1976,MAKE OVER Powerskin Radiant Tinted Moisturizer 10 Light 40 ml,450,0,450
1977,MAKE OVER Powerskin Liquid Glow Moisturizer 45 ml,429,0,429
1978,MAKE OVER Color Stick Gloss Crayon 101 Veronica 3 g,384,0,384
1979,MAKE OVER Color Stick Gloss Crayon 102 Abigail 3 g,80,8,72
1980,MAKE OVER Color Stick Gloss Crayon 103 Emma 3 g,312,0,312
1981,MAKE OVER Color Stick Gloss Crayon 104 Chloe 3 g,180,0,180
1982,MAKE OVER Color Stick Gloss Crayon 105 Jolene 3 g,40,0,40
1984,MAKE OVER Cliquematte Lip Stylo 210 Hotshot 2 g,5753,36,5717
1992,Emina Bright Stuff Tone Up Cream 20 ml,43956,3888,40068
1993,Emina Bright Stuff Essence Sheet Mask 23 g,107930,384,107546
1994,MAKE OVER Powerstay Total Cover Liquid Concealer 01 Light 6.5 ml,948,0,948
1995,MAKE OVER Powerstay Total Cover Liquid Concealer 02 Light to Medium 6.5 ml,2016,72,1944
1996,MAKE OVER Powerstay Total Cover Liquid Concealer 03 Medium 6.5 ml,3756,0,3756
2020,MAKE OVER Powerstay Brow Definer Mascara 01 Long Black 6.5 g,1977,0,1977
2021,MAKE OVER Powerstay Brow Definer Mascara 02 Chocolate 6.5 g,3198,0,3198
2023,MAKE OVER Powerstay Uptown Bae Eye Palette 12 x 0.4 g,10012,0,10012
2024,MAKE OVER Powerstay Royal Rose Eye Palette 12 x 0.4 g,9413,0,9413
2025,Wardah Perfect Bright Tone Up Micellar Water 100 ml,7337,0,7337
2027,Wardah Exclusive Flawless Cover Cushion 01 Light Beige 15 g,31,0,31
2028,Wardah Exclusive Flawless Cover Cushion 02 Honey Beige 15 g,187,0,187
2029,Wardah Exclusive Flawless Cover Cushion 03 Sandy Beige 15 g,4,0,4
2030,Wardah Exclusive Flawless Cover Cushion 04 Natural 15 g,48,48,0
2031,Emina Oh So Kissable Tinted Balm Stick Pink Bonbons 3.4 g,1968,0,1968
2032,Emina Oh So Kissable Tinted Balm Stick Plum Candy 3.4 g,2856,192,2664
2033,Emina Aloe Vera Gel 60 ml,1764,72,1692
2034,Wardah Exclusive Liquid Foundation 01 Light Beige 20 ml,337,0,337
2036,Wardah Exclusive Liquid Foundation 03 Sandy Beige 20 ml,3,0,3
2045,Wardah Refill Exclusive Two Way Cake 02 Light Beige 12 g,1,0,1
2046,Wardah Refill Exclusive Two Way Cake 03 Sandy Beige 12 g,180,0,180
2049,Wardah Exclusive Creamy Foundation 01 Light Beige 12 g,1320,0,1320
2050,Wardah Exclusive Creamy Foundation 02 Sheer Pink 12 g,1260,0,1260
2054,Wardah Exclusive Moist Lipstick 20 Pink Pearl 3.5 g,1548,144,1404
2055,Wardah Exclusive Moist Lipstick 21 Orchid Pink 3.5 g,6024,0,6024
2056,Wardah Exclusive Moist Lipstick 23 Ruby Red 3.5 g,5580,0,5580
2057,Wardah Exclusive Moist Lipstick 26 Mango 3.5 g,3588,0,3588
2058,Wardah Exclusive Moist Lipstick 29 Lavender 3.5 g,1800,0,1800
2059,Wardah Exclusive Moist Lipstick 30 Golden Coral 3.5 g,2640,0,2640
2060,Wardah Exclusive Moist Lipstick 32 Sheer Brown 3.5 g,2454,0,2454
2061,Wardah Exclusive Moist Lipstick 35 Great Berry 3.5 g,2712,0,2712
2062,Wardah Exclusive Moist Lipstick 36 Sugary Pink 3.5 g,432,0,432
2063,Wardah Exclusive Moist Lipstick 41 Charming Red 3.5 g,672,0,672
2064,Wardah Exclusive Moist Lipstick 43 Magnificent Red 3.5 g,3816,0,3816
2065,Wardah Exclusive Moist Lipstick 46 Chic Magenta 3.5 g,4596,144,4452
2066,Wardah Exclusive Matte Lipstick 01 Pink 3.5 g,108,0,108
2067,Wardah Exclusive Matte Lipstick 02 Magenta 3.5 g,720,0,720
2068,Wardah Exclusive Matte Lipstick 03 Red 3.5 g,8748,0,8748
2069,Wardah Exclusive Matte Lipstick 04 Orange 3.5 g,4344,0,4344
2070,Wardah Exclusive Matte Lipstick 05 Peach 3.5 g,384,0,384
2071,Wardah Exclusive Matte Lipstick 06 Dark Red 3.5 g,9552,0,9552
2072,Wardah Exclusive Matte Lipstick 09 True Red 3.5 g ,4584,0,4584
2073,Wardah Exclusive Matte Lipstick 12 Maroon 3.5 g,9684,0,9684
2074,Wardah Exclusive Matte Lipstick 13 Cocoa Look 3.5 g,8664,0,8664
2075,Wardah Exclusive Matte Lipstick 16 Summer Pink 3.5 g,7200,0,7200
2076,Wardah Exclusive Matte Lipstick 17 Gorgeous Pink 3.5 g,540,0,540
2077,Wardah Exclusive Matte Lipstick 18 Rosy Pink 3.5 g,240,0,240
2079,Wardah Exclusive Blush On 02 Coral Peach 6.5 g,12144,0,12144
2080,Wardah Exclusive Eyeshadow Palette 01 Sunset Brown 10 g,1944,54,1890
2081,Wardah Exclusive Eyeshadow Palette 02 Rose Glow 10 g,3726,54,3672
2082,MAKE OVER Powerstay Eyeshadow Primer 7 g,247,0,247
2083,Emina Bright Stuff Loose Powder 55 g,35352,1620,33732
2084,MAKE OVER Two Way Cake Sponge,71,0,71
2086,MAKE OVER Concealer Brush 17 cm,764,0,764
2090,Emina Body Mist Pixie Dust 10 ml,60,0,60
2091,Emina Body Mist Rain Forest 10 ml,3120,0,3120
2092,Emina Body Mist Indian Summer 10 ml,3972,0,3972
2093,Emina Body Mist Ocean Mist 10 ml,2484,0,2484
2104,MAKE OVER Powerstay Vivid Waterlite Lip Stain A01 Bumble 5.5 g,1494,0,1494
2105,MAKE OVER Powerstay Vivid Waterlite Lip Stain A02 Double Dare 5.5 g,7035,0,7035
2106,MAKE OVER Powerstay Vivid Waterlite Lip Stain A03 Kiss Bang 5.5 g,6162,0,6162
2107,MAKE OVER Powerstay Vivid Waterlite Lip Stain A04 Corvette 5.5 g,1594,0,1594
2108,MAKE OVER Powerstay Vivid Waterlite Lip Stain A05 Hot Miss 5.5 g,396,0,396
2109,MAKE OVER Powerstay Vivid Waterlite Lip Stain A06 Passion 5.5 g,1239,0,1239
2110,MAKE OVER Powerstay Vivid Waterlite Lip Stain A07 XOXO 5.5 g,2808,0,2808
2111,MAKE OVER Powerstay Vivid Waterlite Lip Stain A08 Plush 5.5 g,1476,0,1476
2112,Wardah Colorfit Velvet Matte Lip Mousse 01 Brown Dreamer 4 g,5232,0,5232
2113,Wardah Colorfit Velvet Matte Lip Mousse 02 Joyful Orange 4 g,2945,0,2945
2114,Wardah Colorfit Velvet Matte Lip Mousse 03 Rose Ballerina 4 g,5744,16,5728
2115,Wardah Colorfit Velvet Matte Lip Mousse 04 Pink Sweetheart 4 g,6752,0,6752
2116,Wardah Colorfit Velvet Matte Lip Mousse 05 Artisan Mauve 4 g,10400,192,10208
2117,Wardah Colorfit Velvet Matte Lip Mousse 06 Fuchsia Lover 4 g,4992,192,4800
2118,Wardah Colorfit Velvet Matte Lip Mousse 07 Red Pioneer 4 g,12112,192,11920
2119,Wardah Colorfit Velvet Matte Lip Mousse 08 Brown Creator 4 g,13072,192,12880
2135,Emina Creamytint 01 Brick Town 3.6 g,17945,96,17849
2136,Emina Creamytint 02 Peach Crush 3.6 g,8405,96,8309
2137,Emina Creamytint 03 Sunbeam 3.6 g,1685,96,1589
2138,Emina Creamytint 04 Wild Berry 3.6 g,845,12,833
2139,Emina Creamytint 05 Cherry Soda 3.6 g,2105,0,2105
2140,MAKE OVER Powerstay Fix & Matte Makeup Setting Spray 50 ml,21990,126,21864
2141,Wardah EyeXpert Eyebrow Pencil Brown 1.14 g (Blister),611,0,611
2160,Wardah EyeXpert Eyebrow Pencil Black 1.14 g (Blister),36,0,36
2161,Wardah Colorfit Ultralight Matte Lipstick 01 Parfait Pink 3.6 g,8735,144,8591
2162,Wardah Colorfit Ultralight Matte Lipstick 02 Summer Peach 3.6 g,5772,432,5340
2163,Wardah Colorfit Ultralight Matte Lipstick 03 Caramel Nude 3.6 g,4247,1440,2807
2164,Wardah Colorfit Ultralight Matte Lipstick 04 Mocca Brown 3.6 g,3743,144,3599
2165,Wardah Colorfit Ultralight Matte Lipstick 05 Blossom Pink 3.6 g,6623,2592,4031
2166,Wardah Colorfit Ultralight Matte Lipstick 06 Punch Fuchsia 3.6 g,6587,144,6443
2167,Wardah Colorfit Ultralight Matte Lipstick 07 Crimson Red 3.6 g,3635,1296,2339
2168,Wardah Colorfit Ultralight Matte Lipstick 08 Woodsy Brown 3.6 g,7488,1008,6480
2169,Wardah Crystallure Supreme Revitalizing Rich Cream 50 g,1981,240,1741
2170,Crystallure Supreme Activating Overnight Cream 50 g,240,60,180
2171,Wardah Crystallure Supreme Advanced Eye Serum 15 ml,26,0,26
2172,Crystallure Supreme Activating Booster Essence 30 ml,3132,11,3121
2173,Wardah Crystallure Supreme Double Action Micellar Gel 150 ml,3985,180,3805
2174,Crystallure Supreme Revitalizing Oil Serum 30 ml,574,11,563
2175,Wardah Crystallure Supreme Advanced Hydra Gel 50 g,1,0,1
2177,Wardah Refill Exclusive Flawless Cover Cushion 02 Honey Beige 15 g,1,0,1
2178,Wardah Refill Exclusive Flawless Cover Cushion 03 Sandy Beige 15 g,23,0,23
2179,Wardah Refill Exclusive Flawless Cover Cushion 04 Natural 15 g,48,48,0
2180,MAKE OVER Powerstay Transferproof Matte Lip Cream B02 Lucky 7 g,4667,0,4667
2181,MAKE OVER Powerstay Transferproof Matte Lip Cream B04 Fearless 7 g,13317,0,13317
2182,MAKE OVER Powerstay Transferproof Matte Lip Cream B05 Fired Up 7 g,15630,0,15630
2183,MAKE OVER Powerstay Transferproof Matte Lip Cream B01 No. 1 7 g,11932,0,11932
2184,MAKE OVER Powerstay Transferproof Matte Lip Cream B03 Hype 7 g,11233,132,11101
2185,MAKE OVER Powerstay Transferproof Matte Lip Cream B06 Powerful 7 g,8928,0,8928
2186,MAKE OVER Powerstay Transferproof Matte Lip Cream B07 Amplify 7 g,13548,0,13548
2187,MAKE OVER Powerstay Transferproof Matte Lip Cream B08 Curious 7 g,27257,132,27125
2188,MAKE OVER Powerstay Total Cover Matte Cream Foundation C62 Rich Cocoa 12 g,9,0,9
2190,MAKE OVER Powerstay Total Cover Matte Cream Foundation N30 Natural Beige 12 g,696,0,696
2193,MAKE OVER Powerstay Total Cover Matte Cream Foundation W33 Honey Beige 12 g,3,0,3
2194,MAKE OVER Powerstay Total Cover Matte Cream Foundation W42 Warm Sand 12 g,50,0,50
2196,MAKE OVER Color Hypnose Creamy Lipmatte 01 Charm 4.3 g,540,12,528
2197,MAKE OVER Color Hypnose Creamy Lipmatte 02 Flirt 4.3 g,9,0,9
2198,MAKE OVER Color Hypnose Creamy Lipmatte 03 Allure 4.3 g,36,12,24
2199,MAKE OVER Color Hypnose Creamy Lipmatte 04 Hypnotic 4.3 g,60,12,48
2200,MAKE OVER Color Hypnose Creamy Lipmatte 05 Scandal 4.3 g,577,0,577
2201,MAKE OVER Color Hypnose Creamy Lipmatte 06 Kiss 4.3 g,432,12,420
2202,MAKE OVER Color Hypnose Creamy Lipmatte 07 Temptation 4.3 g,204,168,36
2203,MAKE OVER Color Hypnose Creamy Lipmatte 08 Addicted 4.3 g,373,0,373
2204,MAKE OVER Color Hypnose Creamy Lipmatte 09 Undercover 4.3 g,71,0,71
2205,MAKE OVER Color Hypnose Creamy Lipmatte 10 Bewitched 4.3 g,456,0,456
2206,MAKE OVER Color Hypnose Creamy Lipmatte 11 Adore 4.3 g,141,12,129
2207,MAKE OVER Color Hypnose Creamy Lipmatte 12 Magnet 4.3 g,281,0,281
2208,Emina 2 in 1 Scrub Mask 50 ml,3680,0,3680
2209,Emina Aloe Vera Face Mist 60 ml,630,0,630
2212,Emina Sugar Rush Lipstick 15 Maple Crunch 3.8 g,60,0,60
2214,Emina Sugar Rush Lipstick 17 Apple Fondue 3.8 g,12,0,12
2306,MAKE OVER Powerstay Matte Powder Foundation N50 Tan 12 g,275,0,275
2307,MAKE OVER Powerstay Matte Powder Foundation W30 Creme Beige 12 g,1968,0,1968
2317,Emina Magic Potion 05 Summer 5.5 ml,6480,0,6480
2318,MAKE OVER Eye Brow Definition Kit 01 Dark Brown 6.9 g,1507,72,1435
2319,MAKE OVER Eye Brow Definition Kit 02 Grey Brown 6.9 g,72,0,72
2320,Wardah Nature Daily Orange Pomelo Brightening Wash Off Capsule Mask 10 ml,546,0,546
2321,Emina Magic Potion 06 Sassy 5.5 ml,5100,0,5100
2326,Wardah Nature Daily Amazonian Acai Berry Antioxidant Capsule Mask 10 ml,1800,0,1800
2330,MAKE OVER Powerstay Demi-Matte Cover Cushion W41 Coral Sand 15 g,1,0,1
2331,Wardah Nature Daily Milky Oat Exfoliating Scrub Capsule Mask 10 ml,3090,0,3090
2332,Wardah Nature Daily Tea Tree Oil Control Clay Capsule Mask 10 ml,4290,0,4290
2333,Wardah Nature Daily Alpine Apple Nutritive Gel Capsule Mask 10 ml,1542,0,1542
2334,Wardah Lightening Oil-Infused Micellar Water 100 ml,18,0,18
2335,Emina Magic Potion 04 Sienna 5.5 ml,5520,12,5508
2336,Wardah C-Defense Waterclay Mask 30 g,5472,1224,4248
2353,Wardah C-Defense Sleeping Mask 30 g,6120,240,5880
2354,Wardah Colorfit Velvet Matte Lip Mousse 09 Ombre Charmer 4 g,27136,384,26752
2355,Wardah Colorfit Velvet Matte Lip Mousse 10 Lively Coral 4 g,17200,192,17008
2356,Wardah Colorfit Velvet Matte Lip Mousse 11 Cherish Marmalade 4 g,5376,192,5184
2357,Wardah Colorfit Velvet Matte Lip Mousse 12 Chic Terracotta 4 g,16512,384,16128
2358,Wardah Colorfit Velvet Matte Lip Mousse 13 Sweet Cinnamon 4 g,31872,384,31488
2359,Wardah Colorfit Velvet Matte Lip Mousse 14 Dainty Caramel 4 g,16160,4224,11936
2360,Emina Lip Cushion 03. Get Berry 9 g,161,108,53
2362,Emina Lip Cushion 05. Squash It Up 9 g,36,0,36
2365,Wardah Lightening Powder Foundation Extra Cover 01 Light Beige 10 g,576,36,540
2366,Wardah Lightening Powder Foundation Extra Cover 02 Golden Beige 10 g,3420,108,3312
2367,Wardah Lightening Powder Foundation Extra Cover 03 Sheer Pink 10 g,792,72,720
2368,Wardah Lightening Powder Foundation Extra Cover 04 Natural 10 g,4536,72,4464
2369,Wardah Lightening Powder Foundation Light Feel 01 Light Beige 12 g,26424,288,26136
2370,Wardah Lightening Powder Foundation Light Feel 02 Golden Beige 12 g,82764,756,82008
2371,Wardah Lightening Powder Foundation Light Feel 03 Sheer Pink 12 g,53064,288,52776
2372,Wardah Lightening Powder Foundation Light Feel 04 Natural 12 g,36792,180,36612
2373,Wardah Lightening Powder Foundation Light Feel 05 Beige 12 g,8271,144,8127
2374,Wardah Lightening Powder Foundation Light Feel 06 Ivory 12 g,3024,36,2988
2375,Wardah Lightening Powder Foundation Light Feel 07 Honey Beige 12 g,900,36,864
2376,Wardah Refill Lightening Powder Foundation Extra Cover 01 Light Beige 10 g,2412,144,2268
2377,Wardah Refill Lightening Powder Foundation Extra Cover 02 Golden Beige 10 g,6342,144,6198
2379,Wardah Refill Lightening Powder Foundation Extra Cover 04 Natural 10 g,6480,144,6336
2380,Wardah Refill Lightening Powder Foundation Light Feel 01 Light Beige 12 g,36432,720,35712
2381,Wardah Refill Lightening Powder Foundation Light Feel 02 Golden Beige 12 g,41196,2304,38892
2382,Wardah Refill Lightening Powder Foundation Light Feel 03 Sheer Pink 12 g,26160,720,25440
2383,Wardah Refill Lightening Powder Foundation Light Feel 04 Natural 12 g,42745,1440,41305
2384,Wardah Refill Lightening Powder Foundation Light Feel 05 Beige 12 g,11868,432,11436
2385,Wardah Refill Lightening Powder Foundation Light Feel 06 Ivory 12 g,1716,144,1572
2386,Wardah Refill Lightening Powder Foundation Light Feel 07 Honey Beige 12 g,6600,0,6600
2387,Wardah Lightening Matte Powder 01 Light Beige 20 g,4536,336,4200
2388,Wardah Lightening Matte Powder 02 Beige 20 g,3220,476,2744
2389,Wardah Lightening Matte Powder 03 Ivory 20 g,6188,252,5936
2390,Wardah Lightening Matte Powder 04 Natural 20 g,6020,308,5712
2391,Emina Bright Stuff for Acne Prone Skin Face Wash 100 ml,28080,320,27760
2393,Wardah Lightening Whip Facial Foam 50 ml,14399,4400,9999
2395,Wardah Lightening Oil-Infused Micellar Water 50 ml,4421,0,4421
2396,Emina Glossy Stain 02 Apple Shower 3 g,15641,96,15545
2397,Emina Glossy Stain 03 Candy Rain 3 g,8921,96,8825
2398,Emina Bright Stuff for Acne Prone Skin Moisturizing Cream 20 ml,95292,2916,92376
2399,Emina Glossy Stain 04 Peach Sprinkles 3 g,11657,192,11465
2400,MAKE OVER Powerstay Radiant Illuminizer Lumiere 25 g,33,0,33
2402,MAKE OVER Powerstay Glossy Lip Top Coat 6.2 g,1560,132,1428
2403,Wardah Lightening Liquid Concealer 01 Light 7 g (Blister),38015,432,37583
2404,Wardah Lightening Liquid Concealer 02 Beige 7 g (Blister),50556,1296,49260
2405,MAKE OVER Powerstay Matte Powder Foundation N20 Ivory 12 g,24,0,24
2406,Emina Glossy Stain 01 Autumn Bell 3 g,65,0,65
2407,MAKE OVER Powerstay Matte Powder Foundation N40 Sand 12 g,264,0,264
2408,Emina Glossy Stain 05 Spring Dazzle 3 g,10145,0,10145
2412,Wardah Lightening Micellar Gentle Wash 50 ml,2,0,2
2413,Wardah Lightening Micellar Gentle Wash 100 ml,32273,0,32273
2414,Wardah Lightening Day Cream Advanced Niacinamide 30 g,96555,2280,94275
2415,Wardah Lightening Night Cream Advanced Niacinamide 30 g,17689,5856,11833
2416,Wardah Lightening Day Cream Advanced Niacinamide 20 mL,221877,3168,218709
2417,Wardah Lightening Night Cream Advanced Niacinamide 20 mL,138636,2052,136584
2418,Wardah Lightening Liquid Foundation 01. Light Beige 25 ml (Blister),10441,180,10261
2419,Wardah Lightening Liquid Foundation 02. Beige 25 ml (Blister),46782,450,46332
2420,Wardah Lightening Liquid Foundation 03. Ivory 25 ml (Blister),19296,342,18954
2421,Wardah Lightening Liquid Foundation 04. Natural 25 ml (Blister),24912,216,24696
2425,Wardah Exclusive Glowing Highlighter 6.5 g,3408,2400,1008
2426,Wardah Lightening Blue Clay Mask 50 g,7850,300,7550
2428,Wardah Lightening Face Toner 125 ml,197521,3504,194017
2431,Wardah Lightening Cleansing Milk 100 ml,29785,945,28840
2432,WARDAH CRYSTALLURE Precious All Day Corrective Concealer 11 LIGHT 1.9 ml,2478,0,2478
2433,WARDAH CRYSTALLURE Precious All Day Corrective Concealer 12 BEIGE1.9 ml,210,0,210
2434,Wardah Lightening Gentle Exfoliator 50 ml,37000,850,36150
2435,WARDAH CRYSTALLURE Precious Liquid Lip Couture 01 Royale 6.5 g,9,0,9
2436,WARDAH CRYSTALLURE Precious Liquid Lip Couture 02 Sophistique 6.5 g,180,12,168
2438,WARDAH CRYSTALLURE Precious Liquid Lip Couture 04 Haute 6.5 g,798,0,798
2439,WARDAH CRYSTALLURE Precious Liquid Lip Couture 05 Luxe 6.5 g,42,12,30
2440,Wardah Lightening Day Gel 30 g,2928,120,2808
2441,Wardah Lightening Day Gel 20 ml,12888,180,12708
2442,Emina Bright Stuff for Acne Prone Skin Face Wash 50 ml,23750,23550,200
2444,WARDAH CRYSTALLURE Precious Glow Radiance Powder 13 BEIGE 18 g,36,0,36
2447,Emina Creamatte 17 Bola Ubi 5.5 gr,6,0,6
2452,Emina Bare with Me Mineral Mild Foundation 02 Natural 30 ml,3360,0,3360
2469,Wardah UV Shield Aqua Fresh Essence SPF 50 30 ml,24472,1456,23016
2470,Wardah UV Shield Active Protection Serum SPF 50 35 ml,45066,336,44730
2471,Wardah UV Shield Essential Sunscreen Gel SPF 30 40 ml,1,0,1
2472,Wardah UV Shield Light Matte Sun Stick 22 g,6765,72,6693
2474,Emina Clay Mask Sebum Control 60 ml,4392,0,4392
2475,Emina Clay Mask Soothe & Smooth 60 ml,1044,36,1008
2480,Wardah Lightening Serum Ampoule 5x5 ml,15216,144,15072
2481,Malaysia Wardah Colorfit Ultralight Matte Lipstick 01 Parfait Pink 3.6 g,1152,0,1152
2482,Malaysia Wardah Colorfit Ultralight Matte Lipstick 02 Summer Peach 3.6 g,752,0,752
2483,Malaysia Wardah Colorfit Ultralight Matte Lipstick 03 Caramel Nude 3.6 g,1008,0,1008
2484,Malaysia Wardah Colorfit Ultralight Matte Lipstick 04 Mocca Brown 3.6 g,288,0,288
2486,Malaysia Wardah Colorfit Ultralight Matte Lipstick 06 Punch Fuchsia 3.6 g,1152,0,1152
2488,Malaysia Wardah Colorfit Ultralight Matte Lipstick 08 Woodsy Brown 3.6 g,576,0,576
2490,Malaysia Wardah Colorfit Velvet Matte Lip Mousse 09 Ombre Charmer 4 g,4032,0,4032
2491,Malaysia Wardah Colorfit Velvet Matte Lip Mousse 10 Lively Coral 4 g,1920,0,1920
2492,Malaysia Wardah Colorfit Velvet Matte Lip Mousse 11 Cherish Marmalade 4 g,768,0,768
2493,Malaysia Wardah Colorfit Velvet Matte Lip Mousse 12 Chic Terracotta 4 g,3072,0,3072
2496,Malaysia Wardah Lightening Micellar Gentle Wash 100 ml,25726,0,25726
2497,Malaysia Wardah Lightening Whip Facial Foam 100 ml,10185,10185,0
2498,Malaysia Wardah Lightening Oil-Infused Micellar Water 100 ml,17556,0,17556
2499,Malaysia Wardah Lightening Day Cream Advanced Niacinamide 30 g,72552,1344,71208
2500,Malaysia Wardah Lightening Night Cream Advanced Niacinamide 30 g,31560,0,31560
2501,Malaysia Wardah Lightening Gentle Exfoliator 50 ml,18750,0,18750
2502,Malaysia Wardah Lightening Face Toner 125 ml,91992,0,91992
2505,Malaysia Wardah Lightening Powder Foundation Light Feel 01 Light Beige 12 g,9792,0,9792
2506,Malaysia Wardah Lightening Powder Foundation Light Feel 02 Golden Beige 12 g,9900,0,9900
2507,Malaysia Wardah Lightening Powder Foundation Light Feel 03 Sheer Pink 12 g,5436,0,5436
2508,Malaysia Wardah Lightening Powder Foundation Light Feel 04 Natural 12 g,4932,0,4932
2509,Malaysia Wardah Lightening Powder Foundation Light Feel 05 Beige 12 g,1188,0,1188
2510,Malaysia Wardah Lightening Powder Foundation Light Feel 06 Ivory 12 g,360,0,360
2511,Malaysia Wardah Lightening Powder Foundation Light Feel 07 Honey Beige 12 g,540,0,540
2512,Malaysia Wardah Lightening Liquid Foundation 01. Light Beige 25 ml (Blister),1170,0,1170
2513,Malaysia Wardah Lightening Liquid Foundation 02. Beige 25 ml (Blister),3600,0,3600
2514,Malaysia Wardah Lightening Liquid Foundation 03. Ivory 25 ml (Blister),2916,0,2916
2515,Malaysia Wardah Lightening Liquid Foundation 04. Natural 25 ml (Blister),504,0,504
2516,Malaysia Wardah Lightening Liquid Concealer 01 Light 7 g (Blister),4464,0,4464
2518,Malaysia Wardah Exclusive Glowing Highlighter 6.5 g,48,0,48
2520,Emina Bright Stuff Whip Face Wash 50 ml,37050,650,36400
2521,Wardah Hydra Rose Micro Gel Serum 30 ml,8874,0,8874
2522,Wardah Hydra Rose Dewy Aqua Day Gel 40 g,1728,0,1728
2523,Wardah Hydra Rose Dewy Aqua Day Gel 17 ml,4680,72,4608
2525,Wardah Hydra Rose Moisture Rich Night Gel 17 ml,2520,72,2448
2526,Wardah Hydra Rose Gel to Foam Cleanser 100 ml,11395,11370,25
2527,Wardah Hydra Rose Petal Infused Toner 100 ml,5980,0,5980
2534,Make Over Hydrastay Smooth Lip Whip C01 Grace 6.5 g,720,0,720
2536,Make Over Hydrastay Smooth Lip Whip C03 Poetic 6.5 g,326,0,326
2537,Make Over Hydrastay Smooth Lip Whip C04 Real 6.5 g,552,0,552
2538,Make Over Hydrastay Smooth Lip Whip C05 Swift 6.5 g,403,0,403
2539,Make Over Hydrastay Smooth Lip Whip C06 Lively 6.5 g,600,0,600
2540,Make Over Hydrastay Smooth Lip Whip C07 Soirée 6.5 g,196,0,196
2541,Make Over Hydrastay Smooth Lip Whip C08 Devoted 6.5 g,894,0,894
2542,Make Over Hydrastay Smooth Lip Whip C09 Admire 6.5 g,328,0,328
2543,Make Over Hydrastay Smooth Lip Whip C10 Vow 6.5 g,960,0,960
2544,Make Over Hydrastay Smooth Lip Whip C11 Suave 6.5 g,636,0,636
2545,Make Over Hydrastay Smooth Lip Whip C12 Detail 6.5 g,512,0,512
2549,Malaysia Wardah Acnederm Day Moisturizer 40 ml,15990,1950,14040
2550,Malaysia Wardah Acnederm Face Powder 20 g,4396,0,4396
2551,Malaysia Wardah Acnederm Night Treatment Moisturizer 40 ml,22800,0,22800
2552,Malaysia Wardah Acnederm Pore Blackhead Balm 20 g,12864,0,12864
2553,Malaysia Wardah Acnederm Pore Refining Toner 100 ml,1180,0,1180
2554,Malaysia Wardah Acnederm Pure Foaming Cleanser 60 ml,7776,0,7776
2555,Malaysia Wardah Acnederm Acne Spot Gel 15 ml,9744,0,9744
2556,Malaysia Wardah Blush On A 4 g,1200,0,1200
2558,Malaysia Wardah Blush On C 4 g,2400,0,2400
2560,Malaysia Wardah C-defense DD Cream 01 Light 20 ml,9360,0,9360
2561,Malaysia Wardah C-defense DD Cream 02 Natural 20 ml,12420,0,12420
2562,Malaysia Wardah C-defense Energizing Creamy Wash 100 ml,9240,0,9240
2564,Malaysia Wardah C-defense Serum 17 ml,29310,0,29310
2567,Malaysia Wardah Colorfit Velvet Matte Lip Mousse 03 Rose Ballerina 4 g,2496,576,1920
2568,Malaysia Wardah Colorfit Velvet Matte Lip Mousse 04 Pink Sweetheart 4 g,384,0,384
2569,Malaysia Wardah Colorfit Velvet Matte Lip Mousse 05 Artisan Mauve 4 g,192,192,0
2570,Malaysia Wardah Colorfit Velvet Matte Lip Mousse 06 Fuchsia Lover 4 g,576,0,576
2571,Malaysia Wardah Colorfit Velvet Matte Lip Mousse 07 Red Pioneer 4 g,1728,0,1728
2572,Malaysia Wardah Colorfit Velvet Matte Lip Mousse 08 Brown Creator 4 g,7872,0,7872
2574,Malaysia Wardah Everyday BB Cream Light 30 ml,1980,0,1980
2575,Malaysia Wardah Everyday BB Cream Natural 30 ml,4320,0,4320
2577,Malaysia Wardah Everyday Fruity Sheer Lip Balm Grape 4 g,2208,0,2208
2579,Malaysia Wardah Everyday Moisture Lip Nutrition Green Tea 4 g,720,720,0
2580,Malaysia Wardah Everyday Shine Free BB Loose Powder 8 g,1890,0,1890
2583,Malaysia Wardah Eyeliner Pencil Black 1.14 g,2400,0,2400
2585,Malaysia Wardah Eye Shadow A 3.3 g,1920,0,1920
2586,Malaysia Wardah Eye Shadow G 3.3 g,1079,960,119
2587,Malaysia Wardah Eye Shadow I 3.3 g,1680,0,1680
2590,Malaysia Wardah EyeXpert Aqua Lash Mascara 6 g,4320,0,4320
2591,Malaysia Wardah EyeXpert Eye & Lip Makeup Remover 100 ml,2590,0,2590
2592,Malaysia Wardah EyeXpert Eyebrow Kit 3 g,2592,0,2592
2593,Malaysia Wardah EyeXpert Optimum Hi-Black Liner 1 g,1200,0,1200
2594,Malaysia Wardah EyeXpert Perfectcurl Mascara 7 g,2880,0,2880
2595,Malaysia Wardah EyeXpert The Volume Expert Mascara 7 g,2640,0,2640
2602,Malaysia Wardah Instaperfect GLOSS CHIC Lip Crayon 02 Clue 2.7 g,192,0,192
2605,Malaysia Wardah Instaperfect MATTE FIT Powder Foundation 11 FAIR 13 g,5,0,5
2606,Malaysia Wardah Instaperfect MATTE FIT Powder Foundation 12 IVORY 13 g,4,0,4
2616,Malaysia Wardah Instaperfect MATTESETTER Lip Matte Paint 02. DEAR 5.5 g,132,0,132
2620,Malaysia Wardah Instaperfect MATTESETTER Lip Matte Paint 06. FLAIR 5.5 g,132,0,132
2636,Malaysia Wardah Lightening BB Cake Powder 02 Sheer Pink 11 g,212,0,212
2637,Malaysia Wardah Lightening BB Cake Powder 03 Natural 11 g,144,0,144
2638,Malaysia Wardah Lightening BB Cream Light 30 ml,3168,0,3168
2640,Malaysia Wardah Lightening BB Cream Natural 30 ml,36,0,36
2641,Malaysia Wardah Lightening BB Cream Natural 15 ml,2016,0,2016
2643,Malaysia Wardah Perfect Red Lip Palette 10 g,78,0,78
2644,Malaysia Wardah Pinky Peach Lip Palette 10 g,78,0,78
2645,Malaysia Wardah Nature Daily Aloe Hydramild Facial Wash 100 ml,3600,0,3600
2646,Malaysia Wardah Nature Daily Aloe Hydramild Multifunction Gel 100 ml,4530,0,4530
2647,Malaysia Wardah Nature Daily Aloe Hydramild Moisturizer Cream 40 ml,4620,0,4620
2653,Malaysia Wardah Nature Daily Seaweed Balancing Facial Scrub 60 ml,2232,0,2232
2654,Malaysia Wardah Nature Daily Seaweed Cleansing Micellar Water 100 ml,3892,0,3892
2655,Malaysia Wardah Nature Daily Seaweed Cleansing Micellar Water 240 ml,1776,368,1408
2658,Malaysia Wardah Nature Daily Seaweed Balancing Facial Wash 60 ml,2988,0,2988
2659,Malaysia Wardah Nature Daily Witch Hazel Purifying Moisturizer Gel 40 ml,14430,570,13860
2664,Malaysia Wardah Perfect Bright Peel Off Mask 60 ml,648,0,648
2685,Malaysia Wardah Longlasting Lipstick 03 Simply Brown 2.3 g,1440,0,1440
2689,Malaysia Wardah Longlasting Lipstick 07 Raspberry Hip 2.3 g,480,0,480
2690,Malaysia Wardah Longlasting Lipstick 08 Red Velvet 2.3 g,240,0,240
2691,Malaysia Wardah Longlasting Lipstick 09 Vibrant Red 2.3 g,480,0,480
2693,Malaysia Wardah Longlasting Lipstick 11 Cherrie Glam 2.3 g,240,0,240
2697,Malaysia Wardah Longlasting Lipstick 15 Rouge Red 2.3 g,240,0,240
2698,Malaysia Wardah Longlasting Lipstick 16 Smooth Latte 2.3 g,240,0,240
2699,Malaysia Wardah Longlasting Lipstick 17 Passionate Red 2.3 g,240,0,240
2700,Malaysia Wardah Longlasting Lipstick 18 Sunset Orange 2.3 g,480,0,480
2701,Malaysia Wardah Longlasting Lipstick 19 Sunrise Nude 2.3 g,240,0,240
2702,Malaysia Wardah EyeXpert Staylast Liquid Eyeliner 3.5 g,576,0,576
2703,Malaysia Wardah EyeXpert Eyeshadow Classic 3.3 gr,1560,0,1560
2704,Malaysia Wardah EyeXpert Eyeshadow Passionate 3.3 gr,240,0,240
2730,Malaysia Wardah Intense Matte Lipstick 08 Retro Red 2.3 g,240,0,240
2733,Malaysia Wardah Intense Matte Lipstick 11 Choco Town 2.3 g,240,0,240
2735,Malaysia Wardah Intense Matte Lipstick 13 Yummy Brownie 2.3 g,240,0,240
2739,Malaysia Wardah Instaperfect BROWFESSIONAL 3D Brow Mascara 01. BROWN 5.5 g,456,0,456
2741,"Malaysia Wardah Everyday Cheek and Lip Tint 01 Red, Set, Glow! 5.5 g",9016,0,9016
2742,Malaysia Wardah Everyday Cheek and Lip Tint 02 My Baerry! 5.5 g,8428,0,8428
2743,Malaysia Wardah Everyday Cheek and Lip Tint 03 Pink on Point! 5.5 g,8640,0,8640
2750,Malaysia Wardah Exclusive Moist Lipstick 43 Magnificent Red 3.5 g,144,0,144
2752,Malaysia Wardah Exclusive Matte Lipstick 02 Magenta 3.5 g,288,0,288
2760,Malaysia Wardah Exclusive Liquid Foundation 01 Light Beige 20 ml,8,0,8
2762,Malaysia Wardah Exclusive Liquid Foundation 03 Sandy Beige 20 ml,1540,1540,0
2764,Malaysia Wardah Exclusive Liquid Foundation 05 Coffee Beige 20 ml,28,0,28
2765,Malaysia Wardah Exclusive Two Way Cake 01 Sheer Pink 12 g,34,0,34
2766,Malaysia Wardah Exclusive Two Way Cake 02 Light Beige 12 g,8,0,8
2767,Malaysia Wardah Exclusive Two Way Cake 03 Sandy Beige 12 g,6,0,6
2768,Malaysia Wardah Exclusive Two Way Cake 04 Natural 12 g,30,0,30
2769,Malaysia Wardah Exclusive Two Way Cake 05 Coffee Beige 12 g,13,0,13
2770,Malaysia Wardah Exclusive Eyeshadow Palette 01 Sunset Brown 10 g,2430,0,2430
2771,Malaysia Wardah Exclusive Eyeshadow Palette 02 Rose Glow 10 g,1620,0,1620
2773,Malaysia Wardah Exclusive Blush On 02 Coral Peach 6.5 g,2112,0,2112
2775,Malaysia Wardah Exclusive Flawless Cover Cushion 02 Honey Beige 15 g,48,0,48
2776,Malaysia Wardah Exclusive Flawless Cover Cushion 03 Sandy Beige 15 g,48,0,48
2796,MAKE OVER Powerstay Transferproof Matte Lip Cream B09 Popular 7 g,11824,132,11692
2797,MAKE OVER Powerstay Transferproof Matte Lip Cream B10 M.O. 7 g,16285,132,16153
2798,MAKE OVER Powerstay Transferproof Matte Lip Cream B11 New Rules 7 g,16764,0,16764
2799,MAKE OVER Powerstay Transferproof Matte Lip Cream B12 Feisty 7 g,8220,0,8220
2800,Malaysia Wardah Crystallure Supreme Revitalizing Rich Cream 50 g,4368,0,4368
2801,Malaysia Wardah Crystallure Supreme Activating Overnight Cream 50 g,588,0,588
2802,Malaysia Wardah Crystallure Supreme Advanced Eye Serum 15 ml,1044,0,1044
2803,Malaysia Wardah Crystallure Supreme Activating Booster Essence 30 ml,5588,0,5588
2804,Malaysia Wardah Crystallure Supreme Double Action Micellar Gel 150 ml,8112,0,8112
2805,Malaysia Wardah Crystallure Supreme Revitalizing Oil Serum 30 ml,528,0,528
2806,Malaysia Wardah Crystallure Supreme Advanced Hydra Gel 50 g,2664,0,2664
2808,Kahf Invigorating Waterfall Eau de Toilette 35 ml,12498,88,12410
2809,Kahf Humbling Forest Eau de Toilette 35 ml,21658,264,21394
2810,Kahf True Brotherhood Eau de Toilette 35 ml,10708,176,10532
2811,Kahf Revered Oud Eau de Toilette 35 ml,52653,1320,51333
2812,Kahf Skin Energizing and Brightening Face Wash 100 ml,76108,15510,60598
2813,Kahf Oil and Acne Care Face Wash 100 ml,68295,27855,40440
2816,Kahf Energizing Hair and Body Wash 200 ml,360,0,360
2817,Kahf Relaxing Hair and Body Wash 200 ml,24,0,24
2818,Kahf Soothing Antiperspirant Deodorant 50 ml,34987,720,34267
2821,MAKE OVER Hydrastay Lite Glow Cushion N10 Marble 15 g,960,0,960
2822,MAKE OVER Hydrastay Lite Glow Cushion W22 Warm Ivory 15 g,8153,24,8129
2823,MAKE OVER Hydrastay Lite Glow Cushion C21 Pink Ivory 15 g,2489,0,2489
2824,MAKE OVER Hydrastay Lite Glow Cushion N30 Natural Beige 15 g,6480,0,6480
2825,MAKE OVER Hydrastay Lite Glow Cushion W33 Honey Beige 15 g,3510,0,3510
2826,MAKE OVER Hydrastay Lite Glow Cushion W41 Coral Sand 15 g,120,0,120
2827,MAKE OVER Hydrastay Lite Glow Cushion W42 Warm Sand 15 g,744,0,744
2833,Wardah Nature Daily Aloe Hydramild Hand Wash 250 ml,609,0,609
2834,Wardah Nature Daily Aloe Hydramild Body Wash 250 ml,1,0,1
2835,Emina Skin Buddy Sun Protection SPF 30 PA+++ 60 ml,7626,216,7410
2836,Emina Skin Buddy Dot Burst Face Wash 60 ml,3672,108,3564
2837,Emina Skin Buddy Bubble Up Face Wash 60 ml,10656,252,10404
2838,Emina Skin Buddy Micellar Water 100 ml,14164,308,13856
2839,Emina Skin Buddy Micellar Water 50 ml,2176,0,2176
2840,Emina Skin Buddy Face Toner 100 ml,6350,75,6275
2841,MAKE OVER Hydrastay Radiant Finishing Powder 8 gr,1260,0,1260
2843,WARDAH CRYSTALLURE Precious Luminizing Silk Powder Foundation 12 IVORY 12 g,43,0,43
2844,WARDAH CRYSTALLURE Precious Luminizing Silk Powder Foundation 13 BEIGE 12 g,312,48,264
2846,WARDAH CRYSTALLURE Precious Lustre Prism Blush 10 g,264,0,264
2847,Emina Bright Stuff Face Toner 100 ml,17920,1975,15945
2848,Wardah Lightening Face Mist 60 ml,68563,760,67803
2849,Wardah Colorfit Mattifying Powder 22N Light Ivory 15 g,96,96,0
2850,Wardah Colorfit Mattifying Powder 23W Warm Ivory 15 g,480,480,0
2851,Wardah Colorfit Mattifying Powder 32N Neutral Beige 15 g,672,672,0
2852,Wardah Colorfit Mattifying Powder 43W Golden Sand 15 g,768,48,720
2853,Wardah Colorfit Matte Foundation 11C Pink Fair 25 ml,6325,0,6325
2854,Wardah Colorfit Matte Foundation 22N Light Ivory 25 ml,4092,0,4092
2856,Wardah Colorfit Matte Foundation 32N Neutral Beige 25 ml,2245,0,2245
2857,Wardah Colorfit Matte Foundation 33W Olive Beige 25 ml,569,62,507
2858,Wardah Colorfit Matte Foundation 43W Golden Sand 25 ml,3348,0,3348
2859,Wardah Colorfit Matte Foundation 42N Neutral Sand 25 ml,3286,496,2790
2860,Wardah Colorfit Matte Foundation 52N Almond 25 ml,1244,0,1244
2861,Wardah Colorfit Velvet Powder Foundation 11C Pink Fair 11 g,2664,36,2628
2862,Wardah Colorfit Velvet Powder Foundation 22N Light Ivory 11 g,5076,1224,3852
2863,Wardah Colorfit Velvet Powder Foundation 23W Warm Ivory 11 g,8568,144,8424
2864,Wardah Colorfit Velvet Powder Foundation 32N Neutral Beige 11 g,9432,180,9252
2865,Wardah Colorfit Velvet Powder Foundation 33W Olive Beige 11 g,2124,1260,864
2867,Wardah Colorfit Velvet Powder Foundation 42N Neutral Sand 11 g,684,540,144
2868,Wardah Colorfit Velvet Powder Foundation 52N Almond 11 g,2088,1800,288
2869,Wardah Colorfit Ultralight Matte Lipstick 09 Romantic Namsan 3.6 g,7595,288,7307
2870,Wardah Colorfit Ultralight Matte Lipstick 10 Stunning Seoul 3.6 g,3947,0,3947
2871,Wardah Colorfit Ultralight Matte Lipstick 11 Sunkissed Jeju 3.6 g,4163,0,4163
2872,Wardah Colorfit Ultralight Matte Lipstick 12 Autumn Nami 3.6 g,108,0,108
2873,Wardah Colorfit Ultralight Matte Lipstick 13 Upbeat Hongdae 3.6 g,5315,288,5027
2875,Emina Sun Battle SPF 30 PA+++ 60 ml,101162,12276,88886
2876,Emina Cheek Lit Blush Stick Pink 7 g,912,0,912
2877,Emina Cheek Lit Blush Stick Peach 7 g,828,0,828
2878,Emina Cheek Lit Highlighter Stick Nudetwinkle 7 g,1236,0,1236
2880,Malaysia Wardah Hydra Rose Micro Gel Serum 30 ml,1368,0,1368
2881,Malaysia Wardah Hydra Rose Dewy Aqua Day Gel 40 g,11568,0,11568
2882,Malaysia Wardah Hydra Rose Moisture Rich Night Gel 40 g,10056,0,10056
2884,Malaysia Wardah Hydra Rose Petal Infused Toner 100 ml,1820,0,1820
2885,Malaysia Wardah UV Shield Aqua Fresh Essence SPF 50 30 ml,4620,0,4620
2886,Malaysia Wardah UV Shield Active Protection Serum SPF 50 35 ml,29610,0,29610
2887,Malaysia Wardah Lightening Blue Clay Mask 50 g,4950,0,4950
2896,Malaysia Wardah Lightening Day Gel 30 g,36240,0,36240
2897,Wardah Lightening Serum Ampoule 8 ml,59445,600,58845
2898,Wardah Lightening Serum Ampoule 30 ml,864,864,0
2902,Emina Capsule Treat Sleeping Mask Rice 10 ml,143,0,143
2903,Emina Capsule Treat Sleeping Mask Cucumber 10 ml,48,0,48
2904,Emina Squeeze Me Up Browcara Woody 8 g,1008,144,864
2905,Emina Squeeze Me Up Browcara Ashy 8 g,432,72,360
2906,Emina Squeeze Me Up Mascara 8 g,4392,72,4320
2907,Emina Squeeze Me Up Browcara Clear 8 g,4176,72,4104
2910,Emina Squeeze Me Up Liquid Concealer Caramel 8 g,864,0,864
2911,Emina Squeeze Me Up Lip Matte 01 Have a Picnic 6.5 g,432,0,432
2914,Emina Squeeze Me Up Lip Matte 04 Lil Dancing 6.5 g,3,0,3
2918,Emina Bright Stuff Micellar Water 100 ml,28952,728,28224
2919,Emina Bright Stuff Micellar Water 50 ml,22466,320,22146
2920,Emina Bright Stuff Face Serum 30 ml,21204,1872,19332
2921,Emina Bright Stuff Face Scrub 50 ml,5500,1150,4350
2923,Emina Bright Stuff Face Toner 50 ml isi 6 pcs,2964,0,2964
2924,Wardah C-Defense Energizing Whip Foam 50 ml,11550,150,11400
2925,Wardah C-Defense Energizing Whip Foam 100 ml,24640,210,24430
2926,Wardah C-Defense Mousse Moisturizer 30 g,34320,12168,22152
2931,Wardah Colorfit Last All Day Lip Paint 12 Berry Lasting 4.2 g,48,0,48
2932,Wardah Colorfit Last All Day Lip Paint 11 Everlast Pink 4.2 g,120,0,120
2933,Wardah Colorfit Last All Day Lip Paint 10 Forever Mauve 4.2 g,12,0,12
2934,Wardah Colorfit Last All Day Lip Paint 03 Stick To Latte 4.2 g,14058,0,14058
2935,Wardah Colorfit Last All Day Lip Paint 08 Red Repeat 4.2 g,9360,144,9216
2936,Wardah Colorfit Last All Day Lip Paint 07 Brick On 4.2 g,1728,288,1440
2938,Wardah Colorfit Last All Day Lip Paint 04 Brownderlast 4.2 g,23611,576,23035
2940,Wardah Colorfit Last All Day Lip Paint 06 Infinite Coral 4.2 g,36,0,36
2941,Wardah Colorfit Last All Day Lip Paint 02 Eternal Sunset 4.2 g,53501,288,53213
2942,Wardah Colorfit Last All Day Lip Paint 05 Stay Russet 4.2 g,60427,144,60283
2948,MAKE OVER Hydrastay Liquid Tint Blush 01 Flair 15 ml,2278,0,2278
2949,MAKE OVER Hydrastay Liquid Tint Blush 02 Gala 15 ml,2794,0,2794
2950,MAKE OVER Hydrastay Liquid Tint Blush 03 Solace 15 ml,4722,0,4722
2951,MAKE OVER Hydrastay Liquid Tint Blush 04 Dolce 15 ml,2944,0,2944
2952,MAKE OVER Hydrastay Liquid Tint Blush 05 Sun-Baked 15 ml,936,30,906
2953,MAKE OVER Hydrastay Glow Fluid Foundation N10 Marble 35 ml,1400,0,1400
2954,MAKE OVER Hydrastay Glow Fluid Foundation W22 Warm Ivory 35 ml,2533,0,2533
2955,MAKE OVER Hydrastay Glow Fluid Foundation C21 Pink Ivory 35 ml,925,0,925
2956,MAKE OVER Hydrastay Glow Fluid Foundation N30 Natural Beige 35 ml,3275,0,3275
2957,MAKE OVER Hydrastay Glow Fluid Foundation W33 Honey Beige 35 ml,1126,0,1126
2959,MAKE OVER Hydrastay Glow Fluid Foundation W42 Warm Sand 35 ml,311,0,311
2960,MAKE OVER Hydrastay Glow Fluid Foundation N50 Tan 35 ml,10,0,10
2961,Make Over Lash Impulse Waterproof Mascara 9 ml,33963,72,33891
2966,Kahf Gentle Exfoliating Face Scrub 100 ml,2025,0,2025
2967,Kahf Triple Protection Sunscreen Moisturizer 30 ml,46152,432,45720
2969,Malaysia Wardah Colorfit Velvet Powder Foundation 11C Pink Fair 11 g,4932,0,4932
2970,Malaysia Wardah Colorfit Velvet Powder Foundation 22N Light Ivory 11 g,1512,0,1512
2971,Malaysia Wardah Colorfit Velvet Powder Foundation 23W Warm Ivory 11 g,5472,0,5472
2972,Malaysia Wardah Colorfit Velvet Powder Foundation 32N Neutral Beige 11 g,72,0,72
2973,Malaysia Wardah Colorfit Velvet Powder Foundation 33W Olive Beige 11 g,1584,0,1584
2975,Malaysia Wardah Colorfit Velvet Powder Foundation 42N Neutral Sand 11 g,828,0,828
2976,Malaysia Wardah Colorfit Velvet Powder Foundation 52N Almond 11 g,720,720,0
2977,Malaysia Wardah Colorfit Matte Foundation 11C Pink Fair 25 ml,62,0,62
2978,Malaysia Wardah Colorfit Matte Foundation 22N Light Ivory 25 ml,4278,0,4278
2979,Malaysia Wardah Colorfit Matte Foundation 23W Warm Ivory 25 ml,440,0,440
2980,Malaysia Wardah Colorfit Matte Foundation 32N Neutral Beige 25 ml,5332,0,5332
2981,Malaysia Wardah Colorfit Matte Foundation 33W Olive Beige 25 ml,930,0,930
2982,Malaysia Wardah Colorfit Matte Foundation 43W Golden Sand 25 ml,1674,0,1674
2983,Malaysia Wardah Colorfit Matte Foundation 42N Neutral Sand 25 ml,806,0,806
2984,Malaysia Wardah Colorfit Matte Foundation 52N Almond 25 ml,1674,1240,434
2985,Malaysia Wardah Colorfit Mattifying Powder 22N Light Ivory 15 g,1312,0,1312
2986,Malaysia Wardah Colorfit Mattifying Powder 23W Warm Ivory 15 g,16,0,16
2987,Malaysia Wardah Colorfit Mattifying Powder 32N Neutral Beige 15 g,1056,0,1056
2988,Malaysia Wardah Colorfit Mattifying Powder 43W Golden Sand 15 g,1632,0,1632
2989,Malaysia Wardah Lightening Face Mist 60 ml,27160,0,27160
2999,Malaysia Emina Agent of Brow Black 1.2 gr (Pc(s)),384,13,371
3000,Malaysia Emina Agent of Brow Brown 1.2 gr (Pc(s)),384,0,384
3006,Malaysia Emina Pop Rouge Pressed Eye Shadow Brick 3.3 gr (Pc(s)),378,0,378
3013,Malaysia Emina Bright Stuff Loose Powder 55 g,1052,1044,8
3014,Malaysia Emina Cheek Lit Cream Blush Pink 10 ml (Pc(s)),490,0,490
3015,Malaysia Emina Cheek Lit Cream Blush Peach 10 ml (Pc(s)),600,0,600
3017,Malaysia Emina Cheek Lit Cream Blush Nudie Brown 10 ml,70,70,0
3019,Malaysia Emina Cheek Lit Pressed Blush Bittersweet 3.5 gr (Pc(s)),1990,20,1970
3023,Malaysia Emina Cheek Lit Pressed Blush Violet Berry 3.5 gr (Pc(s)),120,0,120
3026,Malaysia Emina Creamytint 01 Brick Town 3.6 g,2688,0,2688
3031,Malaysia Emina Lip Cushion 01. Let It Peach 9 g,96,0,96
3032,Malaysia Emina Lip Cushion 02. Be Cherry 9 g,96,0,96
3037,Malaysia Emina Magic Potion 01 Scarlet 5.5 ml,1848,0,1848
3040,Malaysia Emina Magic Potion 04 Sienna 5.5 ml,660,396,264
3052,Malaysia Emina Creamatte 08 Pumpkin Spice 5.5 gr,188,144,44
3053,Malaysia Emina Creamatte 09 Baby Fox 5.5 gr,144,0,144
3060,Malaysia Emina Sugar Rush Lip Scrub 4.2 gr (Pc(s)),6768,0,6768
3062,Malaysia Emina Bright Stuff Face Wash 100 ml,1240,1240,0
3063,Malaysia Emina Apricot Jam Face Scrub 60 ml (Pc(s)),4680,0,4680
3065,Malaysia Emina Bright Stuff Face Toner 100 ml,1225,1225,0
3066,Malaysia Emina Ms. Pimple Acne Solution Moisturizing Gel 20 ml,3420,0,3420
3067,Malaysia Emina Ms. Pimple Acne Solution Face Wash 50 ml,4400,0,4400
3069,Malaysia Emina Aloe Vera Gel 60 ml,2340,0,2340
3070,Malaysia Emina Aqua Infused Sleeping Mask 30 g,3776,0,3776
3071,Malaysia Emina Bright Stuff Moisturizing Cream 20 ml,24516,0,24516
3072,Malaysia Emina Bright Stuff Tone Up Cream 20 ml,5040,4788,252
3073,Malaysia Emina Aloe Vera Face Mist 60 ml,5075,15,5060
3074,Malaysia Emina Bright Stuff Essence Sheet Mask 23 g,7104,0,7104
3075,Malaysia Emina Masquerade Face Mask Rice 23 g,4800,0,4800
3076,Malaysia Emina Masquerade Face Mask Pomegranate 23 g,4944,0,4944
3077,Malaysia Emina Masquerade Face Mask Tea Tree Oil 23 g,3648,0,3648
3078,Malaysia Emina Brush Set (Set),336,64,272
3083,Malaysia Emina Glossy Stain 01 Autumn Bell 3 g,2976,0,2976
3084,Malaysia Emina Glossy Stain 02 Apple Shower 3 g,768,0,768
3088,Malaysia Emina Bright Stuff Whip Face Wash 50 ml,1550,0,1550
3090,Malaysia Emina Clay Mask Sebum Control 60 ml,1800,0,1800
3091,Malaysia Emina Clay Mask Soothe & Smooth 60 ml,2304,0,2304
3093,Malaysia Emina Bright Stuff for Acne Prone Skin Moisturizing Cream 20 ml,3096,0,3096
3096,Malaysia Emina Skin Buddy Face Toner 100 ml,325,0,325
3098,Wardah UV Shield Essential Sunscreen Gel SPF 30 (New Blister),100576,560,100016
3099,Emina Lip Mask 9 gr (Blister Version),24000,504,23496
3100,"Wardah Hydra Rose Dewy Skin Starter Kit (Facial Wash 20 ml, Toner 30 ml, Day Gel 8 ml)",1356,0,1356
3101,Crystallure Essential Skincare Routine,93,35,58
3103,Emina Poppin’ Matte 02 To Be Honest 4.5 g,396,96,300
3104,Emina Poppin’ Matte 03 Game On 4.5 g,1152,96,1056
3106,Emina Poppin’ Matte 05 Easy Peasy 4.5 g,8292,96,8196
3114,Emina Daily Matte Compact Powder 01 Light 11 g,16416,180,16236
3115,Emina Daily Matte Compact Powder 02 Natural 11 g,24264,432,23832
3116,Emina Daily Matte Compact Powder 03 Caramel 11 g,9828,216,9612
3117,Emina Daily Matte Compact Powder 04 Mocca 11 g,2196,36,2160
3118,Emina Daily Matte BB Cream 01 Light 16 g,10740,120,10620
3119,Emina Daily Matte BB Cream 02 Natural 16 g,34800,240,34560
3120,Emina Daily Matte BB Cream 03 Caramel 16 g,4560,60,4500
3122,Wardah Instaperfect BROWFLASH 3-in-1 Brow Perfector 01 True Brown 0.6 g,1528,0,1528
3123,Wardah Instaperfect BROWFLASH 3-in-1 Brow Perfector 02 Ash Brown 0.6 g,89,0,89
3124,Emina Lip Mask Vanilla Pretzel 9 g,5928,0,5928
3127,Emina Bundling 7 Days Masquerade Face Mask,6549,0,6549
3128,Emina Masquerade Face Mask Cactus 23 g,15072,48,15024
3129,Emina Masquerade Face Mask Blueberry 23 g,39524,48,39476
3130,Emina Masquerade Face Mask Grapefruit 23 g,40479,48,40431
3131,Emina Masquerade Face Mask Charcoal 23 g,24384,0,24384
3132,Wardah Crystal Secret Brightening Day Cream 9 ml,45900,120,45780
3133,Wardah Crystal Secret Brightening Day Cream 15 ml,120611,2016,118595
3134,Wardah Crystal Secret Brightening Day Cream 30 g,4135,408,3727
3135,Wardah Crystal Secret Bright Activating Night Cream 15 ml,19692,1080,18612
3136,Wardah Crystal Secret Bright Activating Night Cream 30 g,31974,384,31590
3137,Wardah Crystal Secret Refreshing Day Gel 15 ml,9792,36,9756
3138,Wardah Crystal Secret Refreshing Day Gel 30 g,8808,24,8784
3139,Wardah Crystal Secret Dark Spot & Brightening Serum 20 ml,20492,1125,19367
3140,Wardah Crystal Secret Pure Treatment Essence 30 ml,1686,80,1606
3141,Wardah Crystal Secret Pure Treatment Essence 50 ml,1143,250,893
3142,Wardah Crystal Secret Pure Treatment Essence 100 ml,10420,80,10340
3143,Wardah Crystal Secret Eyes Dark Circle Corrector 10 ml,5584,0,5584
3144,Wardah Crystal Secret Foaming Cleanser with Natural AHA+PHA 100 ml,15632,7800,7832
3145,Wardah Crystal Secret Exfoliating Toner with Natural AHA+PHA 125 ml,20920,260,20660
3146,Wardah Crystal Secret Melting Milk Cleanser 100 ml,15390,360,15030
3147,Wardah Crystal Secret Micellar Cleansing Gel 95 ml,11760,84,11676
3148,Wardah Colorfit Velvet Powder Foundation Refill 11C Pink Fair 11 g,1800,0,1800
3149,Wardah Colorfit Velvet Powder Foundation Refill 22N Light Ivory 11 g,3252,0,3252
3150,Wardah Colorfit Velvet Powder Foundation Refill 23W Warm Ivory 11 g,4716,0,4716
3151,Wardah Colorfit Velvet Powder Foundation Refill 32N Neutral Beige 11 g,4896,144,4752
3152,Wardah Colorfit Velvet Powder Foundation Refill 33W Olive Beige 11 g,2172,144,2028
3153,Wardah Colorfit Velvet Powder Foundation Refill 43W Golden Sand 11 g,1752,0,1752
3154,Wardah Colorfit Velvet Powder Foundation Refill 42N Neutral Sand 11 g,432,36,396
3155,Wardah Colorfit Velvet Powder Foundation Refill 52N Almond 11 g,4,0,4
3158,Emina Bright Stuff Face Serum 7.5 ml,75168,1368,73800
3159,Emina Bright Stuff Face Toner 50 ml,14280,336,13944
3161,Malaysia Emina Lip Mask Blister,3864,3864,0
3176,Biodef Natural Protection Mint + Green Tea Body Wash Antiseptik Alami Botol 275 ml,2916,0,2916
3177,Biodef Natural Protection Mint + Green Tea Body Wash Antiseptik Alami Pouch 400 ml,6914,0,6914
3178,Biodef Natural Protection Mint + Green Tea Hand Wash Antiseptik Alami Botol 250 ml,1259,12,1247
3179,Biodef Natural Protection Mint + Green Tea Hand Wash Antiseptik Alami Pouch 200 ml,504,0,504
3180,Biodef Natural Protection Mint + Sea Salt Body Wash Antiseptik Alami Botol 275 ml,2736,18,2718
3181,Biodef Natural Protection Mint + Sea Salt Body Wash Antiseptik Alami Pouch 400 ml,8580,0,8580
3182,Biodef Natural Protection Mint + Yuzu Body Wash Antiseptik Alami Botol 275 ml,3187,72,3115
3183,Biodef Natural Protection Mint + Yuzu Body Wash Antiseptik Alami Pouch 400 ml,8852,948,7904
3184,Biodef Natural Protection Mint + Yuzu Hand Wash Antiseptik Alami Botol 250 ml,792,0,792
3185,Biodef Natural Protection Mint + Yuzu Hand Wash Antiseptik Alami Pouch 200 ml,360,0,360
3198,Emina Mattecrush 04 Salmon Fam,2040,0,2040
3199,Emina Mattecrush 05 Morrocan Camel,5196,0,5196
3200,Emina Mattecrush 06 Racoon Paw,4104,0,4104
3202,Emina Ms. Pimple Acne Solution Face Toner 50 ml,31192,112,31080
3204,Emina Natura Pal Gel Moisturizer 20 ml,17352,36,17316
3205,Emina Natura Pal Toner Essence 100 ml,6275,100,6175
3206,Emina Natura Pal Splash Serum 40 ml,11376,108,11268
3208,Emina Skin Buddy Face Toner 50 ml,9184,0,9184
3222,Kahf Brightening and Texture Refining Face Serum 35 ml,16,16,0
3266,Make Over Powerskin Ultra Deep Cleansing Oil 190 ml,3195,0,3195
3272,MAKE OVER POWERSKIN Bi-Phase Oil Micellar Water 200 ml,9467,0,9467
3274,Make Over Powerskin Urban Defense Sunscreen 40 ml,6930,0,6930
3276,MAKE OVER Powerstay Matte Powder Foundation W50 Creme Tan 12 g,336,0,336
3277,MAKE OVER Powerstay Matte Powder Foundation W60 Creme Cocoa 12 g,240,0,240
3312,MAKE OVER Powerstay Matte Powder Foundation C31 Pink Beige 12 g,720,0,720
3314,MAKE OVER Powerstay Matte Powder Foundation C41 Cool Sand 12 g,24,0,24
3315,MAKE OVER Powerstay Matte Powder Foundation C51 Cool Tan 12 g,200,0,200
3316,MAKE OVER Powerstay Matte Powder Foundation W12 Warm Marble 12 g,672,24,648
3317,MAKE OVER Powerstay Matte Powder Foundation W21 Coral Ivory 12 g,352,0,352
3318,MAKE OVER Powerstay Matte Powder Foundation W32 Warm Beige 12 g,1584,48,1536
3322,Malaysia Wardah EyeXpert Eyebrow Pencil Black 1.14 g (Blister),6784,0,6784
3323,Malaysia Wardah EyeXpert Eyebrow Pencil Brown 1.14 g (Blister),3280,0,3280
3330,Tavi Color Play Face Tint Love Bites 9 g,946,0,946
3331,Tavi Color Play Face Tint Moonchild 9 g,546,0,546
3332,Tavi Color Play Face Tint Starburst 9 g,425,0,425
3333,Tavi Color Play Face Tint Sunset Nectar 9 g,521,0,521
3334,Tavi Color Play Face Tint Sunshine Love 9 g,386,0,386
3335,Tavi Color Play Face Tint Wallflower 9 g,1151,0,1151
3350,Tavi Plant-Based Squalane + Ceramide Moisture Boost Serum 30 ml,1332,0,1332
3365,Wardah Colorfit Cream Blush 01 SAND CORAL 3 g,16560,8400,8160
3367,Wardah Colorfit Cream Blush 03 SUMMER PEACH 3 g,2280,0,2280
3370,Wardah COLORFIT QUAD EYE PALETTE 02 ROSÉ AURORA 6 g,2400,2400,0
3399,Wardah Colorfit Highlight Contour Palette 02 Medium,1800,0,1800
3400,Wardah Colorfit Perfect Glow Cushion 11C Pink Fair 15 g,9994,2160,7834
3401,Wardah Colorfit Perfect Glow Cushion 22N Light Ivory 15 g,24950,480,24470
3402,Wardah Colorfit Perfect Glow Cushion 23W Warm Ivory 15 g,11536,144,11392
3403,Wardah Colorfit Perfect Glow Cushion 32N Neutral Beige 15 g,18116,96,18020
3404,Wardah Colorfit Perfect Glow Cushion 33W Olive Beige 15 g,288,48,240
3405,Wardah Colorfit Perfect Glow Cushion 42N Neutral Sand 15 g,7776,432,7344
3406,Wardah Colorfit Perfect Glow Cushion 43W Golden Sand 15 g,577,48,529
3408,Wardah Crystallure Advanced Glow Kit,3035,0,3035
3435,Wardah Crystallure Supreme Revitalizing Rich Cream 10 g <SFG>,90,90,0
3436,Wardah Crystal Secret Radiant Skin Starter Kit,10521,184,10337
3438,Earth Love Life East Balinese Bamboo & Oriental Mint Body Wash 250 ml,3600,0,3600
3439,Earth Love Life East Balinese Bamboo & Oriental Mint Body Wash 450 ml,1508,1508,0
3440,Earth Love Life Javanese Moringa & Balinese Starfruit Body Wash 450 ml,364,364,0
3441,Wardah Everyday Luminous Liquid Foundation – 01 Natural White 35 ml,35749,180,35569
3442,Wardah Everyday Luminous Liquid Foundation – 02 Light Beige 35 ml,61742,504,61238
3443,Wardah Everyday Luminous Liquid Foundation – 03 Beige 35 ml,35892,324,35568
3444,Wardah Everyday Luminous Liquid Foundation – 04 Natural 35 ml,24984,72,24912
3445,Wardah EyeXpert Eyebrow Pencil Black 1.14 g (Blister),278599,576,278023
3446,Wardah EyeXpert Eyebrow Pencil Brown 1.14 g (Blister),306348,3312,303036
3447,Wardah EYEXPERT Perfect Precision Liner 1 ml,11436,240,11196
3448,Wardah EyeXpert Matic Brow Definer 01 LIGHT BROWN 0.25 g,88441,540,87901
3449,Wardah EyeXpert Matic Brow Definer 02 DARK BROWN 0.25 g,96381,540,95841
3450,Wardah EyeXpert Matic Brow Definer 03 DARK GREY 0.25 g,70498,540,69958
3463,Wardah Instaperfect Litesplash Lip Sorbet 02 Pomelo 4.2 g,1416,0,1416
3464,Wardah Instaperfect Litesplash Lip Sorbet 01 Malwina 4.2 g,600,0,600
3465,Wardah Instaperfect Litesplash Lip Sorbet 05 Praline 4.2 g,3036,0,3036
3470,Instaperfect QUICKMATTE Loose Powder 11 Fair Pink 9 g,735,432,303
3471,Instaperfect QUICKMATTE Loose Powder 32 True Beige 9 g,228,192,36
3472,Instaperfect SKINFOCUS Cover Foundation 11 Fair Pink 30 ml,1027,432,595
3473,Instaperfect SKINFOCUS Cover Foundation 22 Light Ivory 30 ml,949,648,301
3474,Instaperfect SKINFOCUS Cover Foundation 32 True Beige 30 ml,924,720,204
3475,Instaperfect SKINFOCUS Cover Foundation 33 Warm Olive 30 ml,1013,720,293
3476,Wardah EYEXPERT Liftlast Waterproof Mascara 8 ml,41148,432,40716
3477,Wardah Lightening Liquid Foundation 01. Light Beige 6 ml,12504,288,12216
3478,Wardah Lightening Liquid Foundation 02. Beige 6 ml,9792,504,9288
3479,Wardah Lightening Liquid Foundation 03. Ivory 6 ml,11268,288,10980
3480,Wardah Lightening Liquid Foundation 04. Natural 6 ml,9120,144,8976
3489,Wardah Nature Daily Aloe Hydramild Essence Toner 100 ml,43450,450,43000
3491,Wardah Perfect Bright Creamy Foam Brightening + Smoothing 6 x 20 ml,12138,12,12126
3494,Wardah Refill Colorfit Perfect Glow Cushion 11C Pink Fair,39,0,39
3495,Wardah Refill Colorfit Perfect Glow Cushion 22N Light Ivory,7296,1104,6192
3496,Wardah Refill Colorfit Perfect Glow Cushion 23W Warm Ivory,4041,0,4041
3497,Wardah Refill Colorfit Perfect Glow Cushion 32N Neutral Beige,5115,48,5067
3508,Wardah Everyday! Matte Lip Shot 01 #fyp 1.8 g,6372,0,6372
3509,Wardah Everyday! Matte Lip Shot 02 #throwback 1.8 g,6324,0,6324
3510,Wardah Everyday! Matte Lip Shot 03 #nowplaying 1.8 g,2544,384,2160
3511,Wardah Everyday! Matte Lip Shot 04 #ootd 1.8 g,6498,0,6498
3512,Wardah Everyday! Matte Lip Shot 05 #mood 1.8 g,9132,384,8748
3515,Malaysia Wardah C-Defense Energizing Whip Foam 100 ml,24185,0,24185
3518,Malaysia Wardah Colorfit Last All Day Lip Paint 02 Eternal Sunset 4.2 g,2880,0,2880
3519,Malaysia Wardah Colorfit Last All Day Lip Paint 03 Stick To Latte 4.2 g,1152,0,1152
3520,Malaysia Wardah Colorfit Last All Day Lip Paint 04 Brownderlast 4.2 g,2160,0,2160
3521,Malaysia Wardah Colorfit Last All Day Lip Paint 05 Stay Russet 4.2 g,3168,0,3168
3524,Malaysia Wardah Colorfit Last All Day Lip Paint 08 Red Repeat 4.2 g,2736,0,2736
3525,Malaysia Wardah Colorfit Last All Day Lip Paint 09 Timeless Rose 4.2 g,5904,0,5904
3526,Malaysia Wardah Colorfit Last All Day Lip Paint 10 Forever Mauve 4.2 g,864,0,864
3527,Malaysia Wardah Colorfit Last All Day Lip Paint 11 Everlast Pink 4.2 g,1152,0,1152
3532,Wardah Acnederm Acne Care Serum 15 ml,15,0,15
3535,Emina Watercolor Lip Serum 01 Dawn 2 g,8460,1584,6876
3536,Emina Watercolor Lip Serum 02 Mist 2 g,6564,864,5700
3537,Emina Watercolor Lip Serum 03 Dusk 2 g,912,864,48
3538,Emina Watercolor Lip Serum 04 Haze 2 g,1836,576,1260
3595,EMINA Total Eclipse Pen Liner 1 ml,13140,0,13140
3600,Instaperfect Hi Glow Fluid Highlighter Moonstone,5,0,5
3601,Instaperfect Hi Glow Fluid Highlighter Rose Quartz,888,0,888
3605,Malaysia Wardah Eyexpert Matic Brow Definer 01 LIGHT BROWN 0.25 g,189,0,189
3606,Malaysia Wardah EyeXpert Matic Brow Definer 02 DARK BROWN 0.25 g,999,162,837
3607,Malaysia Wardah EyeXpert Matic Brow Definer 03 DARK GREY 0.25 g,135,0,135
3616,Malaysia Wardah COLORFIT QUAD EYE PALETTE 01 BRUNETTE DAWN 6 g,540,0,540
3617,Malaysia Wardah COLORFIT QUAD EYE PALETTE 02 ROSÉ AURORA 6 g,5640,0,5640
3618,Malaysia Wardah COLORFIT QUAD EYE PALETTE 03 SUNLIT BLAZE 6 g,3120,0,3120
3619,Malaysia Wardah Colorfit Cream Blush 01 SAND CORAL 3 g,40,0,40
3620,Malaysia Wardah Colorfit Cream Blush 02 MERRY MAUVE 3 g,1840,1200,640
3621,Malaysia Wardah Colorfit Cream Blush 03 SUMMER PEACH 3 g,160,0,160
3622,Malaysia Wardah Colorfit Perfect Glow Cushion 11C Pink Fair,288,0,288
3623,Malaysia Wardah Colorfit Perfect Glow Cushion 22N Light Ivory,2416,1248,1168
3624,Malaysia Wardah Colorfit Perfect Glow Cushion 23W Warm Ivory,2784,0,2784
3625,Malaysia Wardah Colorfit Perfect Glow Cushion 32N Neutral Beige,4416,1776,2640
3626,Malaysia Wardah Colorfit Perfect Glow Cushion 33W Olive Beige,2896,1056,1840
3627,Malaysia Wardah Colorfit Perfect Glow Cushion 43W Golden Sand,1584,0,1584
3628,Malaysia Wardah Colorfit Perfect Glow Cushion 42N Neutral Sand,2304,0,2304
3629,Malaysia Wardah Colorfit Perfect Glow Cushion 52N Almond,240,0,240
3630,Malaysia Emina Sun Battle SPF 45 PA+++,4485,0,4485
3631,Malaysia Emina Sun Battle SPF 30 PA+++,31176,0,31176
3632,Malaysia Emina Bright Stuff Face Scrub 50 ml,1100,0,1100
3633,Malaysia Emina Bright Stuff Face Serum 30 ml,3456,2016,1440
3635,Malaysia Emina Skin Buddy Sun Protection SPF 30 PA+++ 60 ml,3060,0,3060
3638,Malaysia Emina Squeeze Me Up Lip Matte 01. Have a Picnic 6.5 g,2376,0,2376
3641,Malaysia Emina Squeeze Me Up Lip Matte 04. Lil Dancing 6.5 g,288,0,288
3645,Malaysia Emina Squeeze Me Up Browcara Clear,188,0,188
3652,Malaysia Emina Masquerade Face Mask Cactus 23 g,2016,0,2016
3653,Malaysia Emina Masquerade Face Mask Grapefruit 23 g,768,0,768
3654,Malaysia Emina Masquerade Face Mask Blueberry 23 g,816,0,816
3655,Malaysia Emina Masquerade Face Mask Charcoal 23 g,1632,0,1632
3657,MAKE OVER Multifix Matte Blusher 02 Quickpinker 9 g,234,0,234
3658,MAKE OVER Multifix Matte Blusher 03 Blush Rush 9 g,1454,0,1454
3659,MAKE OVER Multifix Matte Blusher 04 Peach Flash 9 g,6,0,6
3660,MAKE OVER Multifix Matte Blusher 05 Heatshot 9 g,18,0,18
3661,Malaysia Wardah Crystal Secret Radiant Skin Starter Kit,64,0,64
3663,Malaysia Wardah Crystal Secret Bright Activating Night Cream 30 g,8352,0,8352
3664,Malaysia Wardah Crystal Secret Dark Spot & Brightening Serum 20 ml,6250,0,6250
3665,Malaysia Wardah Crystal Secret Pure Treatment Essence 100 ml,5260,0,5260
3666,Malaysia Wardah Crystal Secret Eyes Dark Circle Corrector 10 ml,2256,0,2256
3668,Malaysia Wardah Crystal Secret Foaming Cleanser with Natural AHA+PHA 100 ml,10860,0,10860
3669,Malaysia Wardah Crystal Secret Exfoliating Toner with Natural AHA+PHA 125 ml,15260,0,15260
3672,Instaperfect QUICKMATTE Loose Powder 22 Light Ivory 9 g,636,480,156
3673,Instaperfect QUICKMATTE Loose Powder 33 Warm Olive 9 g,1297,480,817
3695,Malaysia Wardah Lightening Serum Ampoule 30 ml,7680,7680,0
3696,Malaysia Wardah Crystal Secret Pure Treatment Essence 30 ml,3240,680,2560
3712,Malaysia Emina Bright Stuff Micellar Water 100 ml,1260,420,840
3715,Earth Love Life Bulgarian Rose & East Nusa Vanilla Body Wash 250 ml,4080,0,4080
3716,Tavi Gel to Oil 1st Cleanser 100 ml,4,0,4
3725,Malaysia Wardah Colorfit Highlight Contour Palette 01 Light,6840,0,6840
3726,Malaysia Wardah Colorfit Highlight Contour Palette 02 Medium,8280,0,8280
3732,Wardah Renew You Facial Wash 100 ml (Pc(s)),28050,720,27330
3733,Crystallure Moisture Rich Cleansing Foam 100 ml,610,160,450
3734,Emina Ms. Pimple Acne Solution Exfoliating Toner 100 ml,2712,48,2664
3736,Emina Ms. Pimple Acne Solution Calming Gel 20 ml,19224,108,19116
3737,LABORE Sensitive Skin Care BiomeRepair Barrier Revive Cream 50 ml,2130,390,1740
3739,LABORÉ Sensitive Skin Care GentleBiome Barrier Repair Serum 20 ml,5040,0,5040
3740,LABORE Sensitive Skin Care GentleBiome Mild Cleanser 100 ml,1617,0,1617
3741,LABORE Sensitive Skin Care GentleBiome Hydration Toner 100 ml,1780,0,1780
3742,LABORE Sensitive Skin Care GentleBiome Skin Nutrition Gel 50 ml,23,0,23
3743,LABORE Sensitive Skin Care BiomeProtect Physical Sunscreen 30 ml,315,63,252
3744,LABORE Sensitive Skin Care On-The-Go Minis,766,0,766
3745,LABORE Sensitive Skin Care BiomeProtect Physical Sunscreen 10 ml,2064,0,2064
3746,LABORE Sensitive Skin Care BiomeRepair Barrier Revive Cream 10 ml,2412,0,2412
3747,LABORE Sensitive Skin Care GentleBiome Mild Cleanser 15 ml,5445,0,5445
3748,LABORE Sensitive Skin Care GentleBiome Mild Cleanser 225 ml,7,0,7
3749,LABORÉ Sensitive Skin Care GentleBiome Thermal Soothing Mist 100 ml,11,0,11
3750,LABORE Sensitive Skin Care On-The-Go Minis II,5057,0,5057
3757,LABORE Sensitive Skin Care GentleBiome Hydration Toner 30 ml,1120,0,1120
3760,MAKE OVER Hydrastay Lite Glow Cushion W12 Warm Marble 15 g,19,0,19
3761,MAKE OVER Hydrastay Lite Glow Cushion N20 Ivory 15 g,600,0,600
3762,MAKE OVER Hydrastay Lite Glow Cushion W21 Coral Ivory 15 g,624,0,624
3763,MAKE OVER Hydrastay Lite Glow Cushion C31 Pink Beige 15 g,1368,0,1368
3764,MAKE OVER Hydrastay Lite Glow Cushion W30 Creme Beige 15 g,480,0,480
3765,MAKE OVER Hydrastay Lite Glow Cushion W32 Warm Beige 15 g,1872,0,1872
3766,MAKE OVER Hydrastay Lite Glow Cushion C41 Cool Sand 15 g,11,0,11
3767,MAKE OVER Hydrastay Lite Glow Cushion N40 Sand 15 g,429,0,429
3768,MAKE OVER Hydrastay Lite Glow Cushion W50 Creme Tan 15 g,248,0,248
3769,MAKE OVER Hydrastay Lite Glow Cushion C51 Cool Tan 15 g,12,0,12
3770,MAKE OVER Hydrastay Lite Glow Cushion C62 Rich Cocoa 15 g,12,0,12
3772,MAKE OVER Powerstay Demi-Matte Cover Cushion W12 Warm Marble 15 g,1080,48,1032
3773,MAKE OVER Powerstay Demi-Matte Cover Cushion N20 Ivory 15 g,2263,48,2215
3774,MAKE OVER Powerstay Demi-Matte Cover Cushion W21 Coral Ivory 15 g,10,0,10
3775,MAKE OVER Powerstay Demi-Matte Cover Cushion C31 Pink Beige 15 g,5,0,5
3777,MAKE OVER Powerstay Demi-Matte Cover Cushion W32 Warm Beige 15 g,3420,48,3372
3778,MAKE OVER Powerstay Demi-Matte Cover Cushion N40 Sand 15 g,1397,0,1397
3779,MAKE OVER Powerstay Demi-Matte Cover Cushion C41 Cool Sand 15 g,4845,0,4845
3780,MAKE OVER Powerstay Demi-Matte Cover Cushion W50 Creme Tan 15 g,4548,0,4548
3781,MAKE OVER Powerstay Demi-Matte Cover Cushion W60 Creme Cocoa 15 g,96,0,96
3782,MAKE OVER Powerstay Demi-Matte Cover Cushion C62 Rich Cocoa 15 g,4721,0,4721
3785,Kahf Skin Energizing and Brightening Face Wash with Sticker Eye Catch 100 ml,1914,0,1914
3787,Earth Love Life Bulgarian Rose & East Nusa Vanilla Body Wash 450 ml,4927,0,4927
3788,Wardah Perfect Bright Creamy Foam Bright + Oil Control 50 ml,16648,1260,15388
3789,Wardah Perfect Bright Creamy Foam Bright + Oil Control 100 ml,2400,1800,600
3791,Wardah Perfect Bright Creamy Foam Bright + Smooth Glow 50 ml,4644,2088,2556
3792,Wardah Perfect Bright Creamy Foam Bright + Smooth Glow 100 ml,2790,2790,0
3793,Wardah Perfect Bright Moisturizer Bright + Oil Control SPF 30 PA+++ 20 ml,145008,1152,143856
3794,Wardah Perfect Bright Moisturizer Bright + Smooth Glow SPF 30 PA+++ 20 ml,25666,1296,24370
3795,Wardah Perfect Bright Bright + Tone Up Micellar Water 100 ml,35100,1710,33390
3796,Wardah Perfect Bright Bright + Night Glow Night Moisturizer 20 ml,75568,144,75424
3798,Wardah Perfect Bright Cooling Bright Jelly Facial Foam 100 ml,7050,30,7020
3799,Wardah Perfect Bright Creamy Foam Brightening + Smoothing with Hanger 6 x 20 ml,18230,0,18230
3814,Wardah Renew You Toner Essence 100 ml (Pc(s)),2780,60,2720
3815,Emina Ms. Pimple Acne Solution Face Serum 30 ml,19512,180,19332
3816,Wardah Renew You Night Cream 30 g (Pc(s)),24645,408,24237
3817,Wardah Renew You Eye Cream 10 g (Pc(s)),10656,144,10512
3818,Wardah Renew You Day Cream 30 g (Pc(s)),41152,624,40528
3826,Wardah Lightening SuperSerum Mask 20 ml,70,70,0
3828,Wardah C-defense SuperSerum Mask 20 ml,11420,320,11100
3830,Wardah Nature Daily SuperSerum Mask 20 ml,5170,480,4690
3831,Wardah Crystal Secret Radiance Serum Mask 20 ml,9730,0,9730
3832,Instaperfect Mattesetter Lip Matte Paint 10 Mosaic,9,0,9
3835,Instaperfect Mattesetter Lip Matte Paint 13 Enchanted,9,0,9
3837,Instaperfect Mattesetter Lip Matte Paint 15 1001 Nights,2035,0,2035
3839,Emina Bright Stuff Exfoliating Toner 100 ml,37056,0,37056
3840,Emina Poppin' Matte The 90's Edition 06 Roller Skate 4.5 g,1,0,1
3843,Emina Poppin' Matte The 90's Edition 09 Tossin' Tazos 4.5 g,42,0,42
3844,Emina Poppin' Matte The 90's Edition 10 Spin It Yo-yo 4.5 g,3,0,3
3866,Wardah SuperSerum Mask x2 - C-defense & Perfect Bright,2136,0,2136
3874,Kahf Relaxing and Acne Fight Body Wash 200 ml,27135,48,27087
3875,Kahf Cooling and Brightening Body Wash 200 ml,24191,192,23999
3876,Kahf Revered Oud Eau de Parfum 100 ml,6443,0,6443
3877,Kahf Saffron Oud Eau de Parfum 100 ml,3504,0,3504
3878,Emina Daily Matte Cushion C01 Light 15 g,30240,24,30216
3879,Emina Daily Matte Cushion W01 Light 15 g,33384,0,33384
3880,Emina Daily Matte Cushion W02 Natural 15 g,23256,24,23232
3881,Emina Daily Matte Cushion N02 Natural 15 g,27384,24,27360
3882,Emina Daily Matte Cushion W03 Caramel 15 g,6672,0,6672
3883,Emina Daily Matte Cushion W04 Mocca 15 g,1512,0,1512
3886,Wardah Renew You Day Cream 9 g (Pc(s)),16410,360,16050
3888,Wardah Renew You Intensive Serum 15 ml (Pc(s)),77364,864,76500
3889,Wardah Renew You Day Cream 15 g (Pc(s)),82566,1116,81450
3890,Wardah Renew You Night Cream 15 g (Pc(s)),37692,576,37116
3891,Wardah Eyexpert Brow Lash Serum 10 ml,36,0,36
3893,Kahf Triple Action Oil and Comedo Defense Face Wash 100 ml,12675,0,12675
3907,Wardah Colorfit Last All Day Lip Paint 00. Alluring Jakarta,8166,0,8166
3908,Wardah Colorfit Last All Day Lip Paint 13. Dubai Lux,8129,24,8105
3909,Wardah Colorfit Last All Day Lip Paint 14. Royal London,2,0,2
3910,Wardah Colorfit Last All Day Lip Paint 15. Dazzling New York,5868,0,5868
3912,Wardah Colorfit Last All Day Lip Paint 17. Tokyo Breeze,12647,0,12647
3915,Make Over Brow Styler Eye Definer Americano 0.13 g,2,0,2
3926,Earth Love Life Javanese Moringa & Balinese Starfruit Body Wash 250 ml,4080,0,4080
3927,Earth Love Life Spanish Lavender & Javanese Rice Milk Body Wash 450 ml,3159,2002,1157
3928,Earth Love Life South Bali Frangipani & Tropical Coconut Water Body Wash 450 ml,1950,1950,0
3929,Earth Love Life East Balinese Bamboo & Oriental Mint Body Lotion Serum 250 ml,4848,0,4848
3930,Earth Love Life Javanese Moringa & Balinese Starfruit Body Lotion Serum 250 ml,1296,1296,0
3931,Earth Love Life Bulgarian Rose & East Nusa Vanilla Body Lotion Serum 250 ml,936,936,0
3932,Earth Love Life Spanish Lavender & Javanese Rice Milk Body Lotion Serum 250 m,3024,3024,0
3933,Earth Love Life South Bali Frangipani & Tropical Coconut Water Body Gel Serum 250 ml,672,672,0
3994,Wardah Exclusive Two Way Cake 01 Sheer Pink 12 g,30,30,0
3995,Wardah Exclusive Two Way Cake 02 Light Beige 12 g,1163,1140,23
3996,Wardah Exclusive Two Way Cake 03 Sandy Beige 12 g,1020,1020,0
3997,Wardah Exclusive Two Way Cake 04 Natural 12 g,2640,2640,0
4010,Emina Poppin' Matte X Chatime 12 Hazelnut Chocolate Milk Tea,8636,72,8564
4011,Emina Poppin' Matte X Chatime 13 Brown Sugar Milk Tea,15792,72,15720
4037,Instaperfect Everlast Intense Matte Liquid 02 TIMELESS 4.2 g,48,0,48
4038,Instaperfect Everlast Intense Matte Liquid 03 SURREAL 4.2 g,1500,12,1488
4039,Instaperfect Everlast Intense Matte Liquid 04 GRANDE 4.2 g,2222,0,2222
4040,Instaperfect Everlast Intense Matte Liquid 05 SPLENDID 4.2 g,2100,0,2100
4041,Instaperfect Everlast Intense Matte Liquid 06 AUTHENTIC 4.2 g,1674,0,1674
4042,Instaperfect Everlast Intense Matte Liquid 07 EFFORTLESS 4.2 g,107,0,107
4043,Instaperfect Everlast Intense Matte Liquid 08 DASHING 4.2 g,1776,0,1776
4044,Instaperfect Blur Mattifying Primer 20 ml,5750,0,5750
4045,Instaperfect MATTESETTER Lip Matte Paint 01. GLEE 5.5 g,1,0,1
4046,Instaperfect MATTESETTER Lip Matte Paint 02. DEAR 5.5 g,1752,288,1464
4048,Instaperfect MATTESETTER Lip Matte Paint 04. VIBE 5.5 g,2452,12,2440
4051,Instaperfect MATTESETTER Lip Matte Paint 07. DAZZLE 5.5 g,696,0,696
4052,Instaperfect MATTESETTER Lip Matte Paint 08. EDGE 5.5 g,12,0,12
4053,Instaperfect MATTESETTER Lip Matte Paint 09. ICON 5.5 g,957,0,957
4071,Wardah Lightening Oil-Infused Micellar Water 55 ml,61080,45440,15640
4072,Wardah Lightening Oil-Infused Micellar Water 105 ml,67050,0,67050
4073,MAKE OVER Powerstay Demi-Matte Cover Cushion N10 Marble 15 g Relaunch,3693,48,3645
4074,MAKE OVER Powerstay Demi-Matte Cover Cushion W22 Warm Ivory 15 g Relaunch,4080,48,4032
4075,MAKE OVER Powerstay Demi-Matte Cover Cushion N30 Natural Beige 15 g Relaunch,26076,48,26028
4076,MAKE OVER Powerstay Demi-Matte Cover Cushion W42 Warm Sand 15 g Relaunch,5678,48,5630
4077,MAKE OVER Powerstay Demi-Matte Cover Cushion N50 Tan 15 g Relaunch,3192,0,3192
4078,MAKE OVER Powerstay Demi-Matte Cover Cushion C51 Cool Tan 15 g Relaunch,2677,0,2677
4079,MAKE OVER Powerstay Demi-Matte Cover Cushion C21 Pink Ivory 15 g Relaunch,3804,48,3756
4080,MAKE OVER Powerstay Demi-Matte Cover Cushion W33 Honey Beige 15 g Relaunch,5515,48,5467
4081,MAKE OVER Powerstay Demi-Matte Cover Cushion W30 Creme Beige 15 g Relaunch,6899,0,6899
4082,MAKE OVER Powerstay Demi-Matte Cover Cushion W41 Coral Sand 15 g Relaunch,4717,0,4717
4115,MAKE OVER Powerstay 24H Weightless Liquid Foundation N10 Marble 40 ml,2113,25,2088
4116,MAKE OVER Powerstay 24H Weightless Liquid Foundation W22 Warm Ivory 40 ml,1450,350,1100
4117,MAKE OVER Powerstay 24H Weightless Liquid Foundation W21 Coral Ivory 40 ml,850,25,825
4118,MAKE OVER Powerstay 24H Weightless Liquid Foundation N20 Ivory 40 ml,1570,25,1545
4119,MAKE OVER Powerstay 24H Weightless Liquid Foundation C21 Pink Ivory 40 ml,950,25,925
4120,MAKE OVER Powerstay 24H Weightless Liquid Foundation W33 Honey Beige 40 ml,2902,50,2852
4122,MAKE OVER Powerstay 24H Weightless Liquid Foundation W30 Creme Beige 40 ml,1250,0,1250
4123,MAKE OVER Powerstay 24H Weightless Liquid Foundation N30 Natural Beige 40 ml,1575,150,1425
4124,MAKE OVER Powerstay 24H Weightless Liquid Foundation C31 Pink Beige 40 ml,1490,0,1490
4126,MAKE OVER Powerstay 24H Weightless Liquid Foundation W41 Coral Sand 40 ml,825,50,775
4127,MAKE OVER Powerstay 24H Weightless Liquid Foundation N40 Sand 40 ml,1625,0,1625
4128,MAKE OVER Powerstay 24H Weightless Liquid Foundation C41 Cool Sand 40 ml,700,0,700
4129,MAKE OVER Powerstay 24H Weightless Liquid Foundation W50 Creme Tan 40 ml,110,0,110
4130,MAKE OVER Powerstay 24H Weightless Liquid Foundation N50 Tan 40 ml,795,0,795
4134,Instaperfect Skincover Air Cushion 11 Fair Pink 11 g,1866,0,1866
4135,Instaperfect Skincover Air Cushion 22 Light Ivory 11 g,4338,0,4338
4136,Instaperfect Skincover Air Cushion 32 True Beige 11 g,2592,0,2592
4138,Instaperfect Skincover Air Cushion 52 Almond 11 g,1392,576,816
4139,Instaperfect Skincover Air Cushion 33 Warm Olive 11 g,2208,48,2160
4142,Wardah Exclusive Liquid Foundation 01 Light Beige 20 ml,12068,3192,8876
4143,Wardah Exclusive Liquid Foundation 02 Sheer Pink 20 ml,16884,2688,14196
4144,Wardah Exclusive Liquid Foundation 03 Sandy Beige 20 ml,35896,2660,33236
4145,Wardah Exclusive Liquid Foundation 04 Natural 20 ml,2884,2576,308
4166,Instaperfect QUICKMATTE Loose Powder 43 Creme Sand 9 g,254,240,14
4168,Instaperfect SKINFOCUS Cover Foundation 43 Creme Sand 30 ml,26,0,26
4178,Twin Pack Malaysia Wardah Exclusive Liquid Foundation 01 Light Beige 20 ml,1326,0,1326
4179,Twin Pack Malaysia Wardah Exclusive Liquid Foundation 02 Sheer Pink 20 ml,3146,0,3146
4180,Twin Pack Malaysia Wardah Exclusive Two Way Cake 02 Light Beige 12 g,1260,0,1260
4181,Twin Pack Malaysia Wardah Exclusive Two Way Cake 04 Natural 12 g,13,0,13
4184,Instaperfect Matte Fit Powder Foundation 11 Fair Pink 13 g,2304,0,2304
4185,Instaperfect Matte Fit Powder Foundation 22 Light Ivory 13 g,3120,48,3072
4186,Instaperfect Matte Fit Powder Foundation 32 True Beige 13 g,3600,48,3552
4187,Instaperfect Matte Fit Powder Foundation 33 Warm Olive 13 g,882,0,882
4189,Instaperfect Matte Fit Powder Foundation 52 Almond 13 g,10,0,10
4190,Instaperfect Refill Matte Fit Powder Foundation 11 Fair Pink 13 g,408,0,408
4191,Instaperfect Refill Matte Fit Powder Foundation 22 Light Ivory 13 g,1632,72,1560
4192,Instaperfect Refill Matte Fit Powder Foundation 32 True Beige 13 g,1902,72,1830
4193,Instaperfect Refill Matte Fit Powder Foundation 33 Warm Olive 13 g,1326,0,1326
4194,Instaperfect Refill Matte Fit Powder Foundation 43 Creme Sand 13 g,66,0,66
4195,Instaperfect Refill Matte Fit Powder Foundation 52 Almond 13 g,27,0,27
4198,Emina Cosmic Lash Volume Mascara 6 g,14208,180,14028
4249,Emina Sun Battle SPF 30 PA+++ 23 ml,74664,2340,72324
4258,Malaysia Wardah Acnederm Acne Care Serum 15 ml,12072,2208,9864
4259,Malaysia Wardah UV Shield Light Matte Sun Stick 22 g,3840,0,3840
4260,Malaysia Wardah Crystallure Moisture Rich Cleansing Foam 100 ml,240,240,0
4267,Malaysia Instaperfect BROWFLASH 3-in-1 Brow Perfector 01 True Brown 0.6 g,720,0,720
4268,Malaysia Instaperfect BROWFLASH 3-in-1 Brow Perfector 02 Ash Brown 0.6 g,720,0,720
4269,Malaysia Wardah EYEXPERT Liftlast Waterproof Mascara 8 ml,2496,0,2496
4270,Malaysia Instaperfect Hi Glow Fluid Highlighter Moonstone 6 g,576,0,576
4272,Malaysia Wardah Renew You Facial Wash 100 ml (Pc(s)),17100,0,17100
4274,Malaysia Wardah Renew You Toner Essence 100 ml (Pc(s)),3820,0,3820
4276,Malaysia Wardah Renew You Intensive Serum 30 ml (Pc(s)),22500,0,22500
4277,Malaysia Wardah Renew You Eye Cream 10 g (Pc(s)),2832,0,2832
4280,Malaysia Wardah Renew You Day Cream 30 g (Pc(s)),7968,0,7968
4282,Malaysia Wardah Renew You Night Cream 30 g (Pc(s)),8112,0,8112
4283,Malaysia Wardah Eyexpert Brow Lash Serum 10 ml,2400,0,2400
4284,Malaysia Wardah Perfect Bright Bright + Night Glow Night Moisturizer 20 ml,7524,0,7524
4286,Malaysia Wardah Perfect Bright Cooling Bright Jelly Facial Foam 100 ml,21420,60,21360
4287,Wardah Perfect Bright Super-Glow Berry Serum 8 ml,169900,252,169648
4317,Malaysia Wardah Perfect Bright Creamy Foam Bright + Oil Control 100 ml,3090,3090,0
4320,Malaysia Wardah Perfect Bright Creamy Foam Bright + Smooth Glow 100 ml,29700,5130,24570
4321,Malaysia Wardah Perfect Bright Moisturizer Bright + Oil Control SPF 30 PA+++ 20 ml,44136,5760,38376
4322,Malaysia Wardah Perfect Bright Moisturizer Bright + Smooth Glow SPF 30 PA+++ 20 ml,10404,1764,8640
4345,Malaysia Wardah Exclusive Liquid Foundation 01 Light Beige 20 ml,3108,0,3108
4346,Malaysia Wardah Exclusive Liquid Foundation 02 Sheer Pink 20 ml,2604,0,2604
4347,Malaysia Wardah Exclusive Liquid Foundation 03 Sandy Beige 20 ml,2576,0,2576
4348,Malaysia Wardah Exclusive Liquid Foundation 04 Natural 20 ml,2492,0,2492
4355,Malaysia Wardah Exclusive Two Way Cake 03 Sandy Beige 12 g,2010,0,2010
4386,Malaysia Instaperfect Skincover Air Cushion 11 Fair Pink 11 g,672,0,672
4387,Malaysia Instaperfect Skincover Air Cushion 22 Light Ivory 11 g,528,0,528
4388,Malaysia Instaperfect Skincover Air Cushion 32 True Beige 11 g,672,0,672
4389,Malaysia Instaperfect Skincover Air Cushion 33 Warm Olive 11 g,768,0,768
4390,Malaysia Instaperfect Skincover Air Cushion 43 Creme Sand 11 g,624,0,624
4391,Malaysia Instaperfect Skincover Air Cushion 52 Almond 11 g,48,0,48
4392,Emina Happy Girls Are the Prettiest Makeup + Skincare Box,12,0,12
4401,Ultimate Glow Essentials Hampers,437,0,437
4405,Wardah Exclusive Series Hampers,3,0,3
4422,Malaysia Emina Watercolor Lip Serum 02 Mist 2 g,288,288,0
4424,Malaysia Emina Watercolor Lip Serum 04 Haze 2 g,432,432,0
4425,Malaysia Emina Poppin’ Matte 01 Lowkey,188,0,188
4426,Malaysia Emina Poppin’ Matte 02 To Be Honest,476,0,476
4428,Malaysia Emina Poppin’ Matte 04 Snatched,1056,0,1056
4429,Malaysia Emina Poppin’ Matte 05 Easy Peasy,672,0,672
4431,Malaysia Emina Natura Pal Gel Cleanser 100 ml,40,0,40
4432,Malaysia Emina Natura Pal Splash Serum 40 ml,324,0,324
4433,Malaysia Emina Natura Pal Toner Essence 100 ml,25,0,25
4434,Malaysia Emina Natura Pal Gel Moisturizer 20 ml,144,0,144
4439,Malaysia Emina Bright Stuff Exfoliating Toner 100 ml,2808,0,2808
4539,Wardah Crystal Skin Package,4470,49,4421
4558,Wonderly Brightening Serum Body Lotion Amore 300 ml,7,0,7
4560,Wonderly Advanced Brightening Face Serum 15 ml,31716,0,31716
4561,Wonderly Acne & Brightening Treatment Serum 15 ml,15372,0,15372
4571,Malaysia Wardah Lightening Hampers Ramadan Untuk Mencerahkan,660,0,660
4572,Malaysia Wardah Colorfit Series Hampers,19,0,19
4575,Wardah Anti Dandruff Shampoo 170 ml,50832,864,49968
4576,Wardah Hairfall Treatment Shampoo 170 ml,174648,2280,172368
4577,Wardah Colorfit Fresh Lip Ink Serum 01 Energy Shot 4 g,441,0,441
4578,Wardah Colorfit Fresh Lip Ink Serum 02 Smart Cookie 4 g,52,0,52
4579,Wardah Colorfit Fresh Lip Ink Serum 03 High Rise 4 g,492,144,348
4580,Wardah Colorfit Fresh Lip Ink Serum 04 Speedster 4 g,51619,0,51619
4581,Wardah Colorfit Fresh Lip Ink Serum 05 Soul Mover 4 g,32245,24,32221
4582,Wardah Colorfit Fresh Lip Ink Serum 06 Hyped Up 4 g,3251,0,3251
4583,Wardah Colorfit Fresh Lip Ink Serum 07 Busy Bee 4 g,6548,156,6392
4584,Wardah Colorfit Fresh Lip Ink Serum 08 Go Getter 4 g,3239,0,3239
4593,Wardah Nutri Shine Shampoo 170 ml,26496,336,26160
4594,Wardah Daily Fresh Shampoo 170 ml,37264,312,36952
4613,MAKE OVER Powerstay Transferproof Matte Lip Cream B102 Vibe 7 g,8,0,8
4614,MAKE OVER Powerstay Transferproof Matte Lip Cream B201 Triumph 7 g,9,0,9
4615,MAKE OVER Powerstay Transferproof Matte Lip Cream B202 Skye-Hi 7 g,22,0,22
4654,Malaysia Kahf Revered Oud Eau de Toilette 35 ml,5676,0,5676
4655,Malaysia Kahf Invigorating Waterfall Eau de Toilette 35 ml,3652,0,3652
4656,Malaysia Kahf Humbling Forest Eau de Toilette 35 ml,2156,0,2156
4657,Malaysia Kahf True Brotherhood Eau de Toilette 35 ml,5236,0,5236
4658,Malaysia Kahf Advancing Beard & Hair Serum 30 ml,1776,0,1776
4659,Malaysia Kahf Nourishing Beard & Hair Oil 30 ml,1200,0,1200
4662,Malaysia Kahf Triple Protection Sunscreen Moisturizer 30 ml,4446,0,4446
4663,Malaysia Kahf Gentle Exfoliating Face Scrub 100 ml,7290,0,7290
4664,Malaysia Wardah Nature Daily Aloe Hydramild Essence Toner 100 ml,4050,0,4050
4673,Wardah Daily Fresh Shampoo 170 ml,2,0,2
4675,LABORÉ Healthy Skin Barrier Package,1,0,1
4677,Wardah Exclusive Flawless Cover Cushion 02 Honey Beige 15 g,960,960,0
4679,Wardah Exclusive Flawless Cover Cushion 04 Natural 15 g,2400,2400,0
4687,Biodef Natural Protection Mint + Green Tea Body Wash Antiseptik Alami Botol 550 ml,3864,0,3864
4688,Biodef Natural Protection Mint + Yuzu Body Wash Antiseptik Alami Botol 550 ml,4908,0,4908
4689,Biodef Natural Protection Mint + Sea Salt Body Wash Antiseptik Alami Botol 550 ml,576,0,576
4690,Biodef Natural Protection Mint + Green Tea Body Wash Antiseptik Alami Pouch 800 ml,13704,0,13704
4691,Biodef Natural Protection Mint + Yuzu Body Wash Antiseptik Alami Pouch 800 ml,11820,0,11820
4692,Biodef Natural Protection Mint + Sea Salt Body Wash Antiseptik Alami Pouch 800 ml,9024,0,9024
4694,Wardah Renew You Anti Aging Intensive Serum 17 ml (New Pack),29,0,29
4700,Wardah Exclusive Matte Lip Cream 01 Red-dicted 4g,8442,0,8442
4701,Wardah Exclusive Matte Lip Cream 02 Fuschionately 4g,15948,0,15948
4702,Wardah Exclusive Matte Lip Cream 03 See You Latte 4g,12882,0,12882
4703,Wardah Exclusive Matte Lip Cream 04 Pink Me 4g,9060,0,9060
4704,Wardah Exclusive Matte Lip Cream 05 Speachless 4g,144,0,144
4705,Wardah Exclusive Matte Lip Cream 06 Feeling Red 4g,31620,0,31620
4706,"Wardah Exclusive Matte Lip Cream 07 Hello, Ruby 4g",22714,0,22714
4707,Wardah Exclusive Matte Lip Cream 08 Pinkcredible 4g,4404,0,4404
4708,Wardah Exclusive Matte Lip Cream 09 Mauve On ! 4g,1560,0,1560
4709,Wardah Exclusive Matte Lip Cream 10 Berry Pretty 4g,19032,0,19032
4710,Wardah Exclusive Matte Lip Cream 11 Oh So Nude ! 4g,32376,0,32376
4711,Wardah Exclusive Matte Lip Cream 12 Plum It Up 4g,16896,0,16896
4712,Wardah Exclusive Matte Lip Cream 13 Fruit Punch 4g,4908,0,4908
4713,Wardah Exclusive Matte Lip Cream 14 My Honey Bee 4g,3720,0,3720
4714,Wardah Exclusive Matte Lip Cream 15 Pinky Plumise 4g,4314,0,4314
4715,Wardah Exclusive Matte Lip Cream 16 Heartbeet 4g,18753,0,18753
4716,Wardah Exclusive Matte Lip Cream 17 Rosy Cheek 4g,16500,0,16500
4717,Wardah Exclusive Matte Lip Cream 18 Saturdate Night 4g,16135,0,16135
4745,Wardah Exclusive Matte Lip Cream 01 Red-dicted 4 gr,6096,2640,3456
4747,Wardah Exclusive Matte Lip Cream 03 See You Latte 4 gr,23220,20340,2880
4749,Wardah Exclusive Matte Lip Cream 05 Speachless 4 gr,18768,0,18768
4750,Wardah Exclusive Matte Lip Cream 06 Feeling Red 4 gr,18420,0,18420
4751,"Wardah Exclusive Matte Lip Cream 07 Hello, Ruby 4 gr",5460,0,5460
4752,Wardah Exclusive Matte Lip Cream 08 Pinkcredible 4 gr,16404,12084,4320
4753,Wardah Exclusive Matte Lip Cream 09 Mauve On ! 4 gr,23304,6912,16392
4756,Wardah Exclusive Matte Lip Cream 12 Plum It Up 4 gr,2940,0,2940
4768,Wardah Exclusive Matte Lip Cream 24 Cherry-Go-Round 4 g,1020,0,1020
4778,Emina Ms. Pimple Acne Solution Face Toner 100 ml,18625,75,18550
4779,Wardah Refill Exclusive Two Way Cake 01 Sheer Pink 12 g,32625,135,32490
4780,Wardah Refill Exclusive Two Way Cake 02 Light Beige 12 g,19710,630,19080
4781,Wardah Refill Exclusive Two Way Cake 03 Sandy Beige 12 g,10620,405,10215
4782,Wardah Refill Exclusive Two Way Cake 04 Natural 12 g,13140,540,12600
4783,Wardah Refill Exclusive Two Way Cake 05 Coffee Beige 12 g,1485,45,1440
4785,Emina Ms. Pimple Acne Solution Moisturizing Gel 20 ml,52632,576,52056
4788,Wardah Refill Exclusive Flawless Cover Cushion 02 Honey Beige 15 g,4464,0,4464
4789,Wardah Refill Exclusive Flawless Cover Cushion 03 Sandy Beige 15 g,4608,48,4560
4790,Wardah Refill Exclusive Flawless Cover Cushion 04 Natural 15 g,432,0,432
4799,Wardah UV Shield Essential Sunscreen Gel SPF 30 PA+++ 40 ml bundling Wardah NFS Sachet Hairfall Treatment Shampoo 10 ml,100324,0,100324
4825,Labore Sensitive Skin Care Haji & Umroh Essential Package,1,0,1
4923,Wardah Bundling Package 1 Exclusive,180,0,180
4941,Kahf Invigorating Waterfall Essential Package,571,0,571
4942,Kahf True Brotherhood Essential Package,571,0,571
4959,Kahf Facial Care Package,586,0,586
4984,Emina Glossy Stain 05 Spring Dazzle 3 g,21636,0,21636
4992,Malaysia Wardah Exclusive Matte Lip Cream 02 Fuschionately 4g,3744,0,3744
4993,Malaysia Wardah Exclusive Matte Lip Cream 03 See You Latte 4g,1728,0,1728
4994,Malaysia Wardah Exclusive Matte Lip Cream 04 Pink Me 4g,2592,0,2592
4997,"Malaysia Wardah Exclusive Matte Lip Cream 07 Hello, Ruby 4g",144,0,144
4998,Malaysia Wardah Exclusive Matte Lip Cream 08 Pinkcredible 4g,2880,0,2880
4999,Malaysia Wardah Exclusive Matte Lip Cream 09 Mauve On ! 4G,864,0,864
5000,Malaysia Wardah Exclusive Matte Lip Cream 10 Berry Pretty 4g,1584,0,1584
5001,Malaysia Wardah Exclusive Matte Lip Cream 11 Oh So Nude ! 4g,9504,0,9504
5002,Malaysia Wardah Exclusive Matte Lip Cream 12 Plum It Up 4g,2880,0,2880
5003,Malaysia Wardah Exclusive Matte Lip Cream 13 Fruit Punch 4g,864,0,864
5004,Malaysia Wardah Exclusive Matte Lip Cream 14 My Honey Bee 4g,1296,0,1296
5006,Malaysia Wardah Exclusive Matte Lip Cream 16 Heartbeet 4g,3024,0,3024
5007,Malaysia Wardah Exclusive Matte Lip Cream 17 Rosy Cheek 4g,2592,0,2592
5012,Malaysia Wardah Exclusive Flawless Cover Cushion 01 Light Beige 15 g,528,0,528
5013,Malaysia Wardah Exclusive Flawless Cover Cushion 02 Honey Beige 15 g,2592,0,2592
5015,Malaysia Wardah Exclusive Flawless Cover Cushion 04 Natural 15 g,1200,0,1200
5021,Malaysia Instaperfect Everlast Intense Matte Liquid 01 EXCEPTIONAL 4.2 g,6072,0,6072
5022,Malaysia Instaperfect Everlast Intense Matte Liquid 02 TIMELESS 4.2 g,6072,0,6072
5023,Malaysia Instaperfect Everlast Intense Matte Liquid 03 SURREAL 4.2 g,5808,0,5808
5024,Malaysia Instaperfect Everlast Intense Matte Liquid 04 GRANDE 4.2 g,6072,0,6072
5025,Malaysia Instaperfect Everlast Intense Matte Liquid 05 SPLENDID 4.2 g,6072,0,6072
5026,Malaysia Instaperfect Everlast Intense Matte Liquid 06 AUTHENTIC 4.2 g,6072,0,6072
5027,Malaysia Instaperfect Everlast Intense Matte Liquid 07 EFFORTLESS 4.2 g,8976,0,8976
5028,Malaysia Instaperfect Everlast Intense Matte Liquid 08 DASHING 4.2 g,6072,0,6072
5033,Malaysia Instaperfect MATTESETTER Lip Matte Paint 05. HYPE 5.5 g,624,0,624
5034,Malaysia Instaperfect MATTESETTER Lip Matte Paint 06. FLAIR 5.5 g,132,0,132
5035,Malaysia Instaperfect MATTESETTER Lip Matte Paint 07. DAZZLE 5.5 g,792,0,792
5036,Malaysia Instaperfect MATTESETTER Lip Matte Paint 08. EDGE 5.5 g,396,0,396
5037,Malaysia Instaperfect MATTESETTER Lip Matte Paint 09. ICON 5.5 g,1716,0,1716
5038,Malaysia Instaperfect Blur Mattifying Primer 20 ml,3316,0,3316
5040,Malaysia Instaperfect Matte Fit Powder Foundation 11 Fair Pink 13 g,96,0,96
5041,Malaysia Instaperfect Matte Fit Powder Foundation 22 Light Ivory 13 g,528,0,528
5042,Malaysia Instaperfect Matte Fit Powder Foundation 32 True Beige 13 g,48,0,48
5043,Malaysia Instaperfect Matte Fit Powder Foundation 33 Warm Olive 13 g,528,0,528
5044,Malaysia Instaperfect Matte Fit Powder Foundation 43 Creme Sand 13 g,48,0,48
5123,Malaysia MAKE OVER POWERSKIN Bi-Phase Oil Micellar Water 200 ml,18,0,18
5148,Malaysia MAKE OVER Silky Smooth Translucent Powder 06 Buttermilk 35 g,34,0,34
5182,Malaysia MAKE OVER Hyperblack Superstay Liner 1 g,360,0,360
5236,Malaysia MAKE OVER Powerstay Transferproof Matte Lip Cream B01 No. 1 7 g,72,0,72
5237,Malaysia MAKE OVER Powerstay Transferproof Matte Lip Cream B02 Lucky 7 g,72,0,72
5238,Malaysia MAKE OVER Powerstay Transferproof Matte Lip Cream B03 Hype 7 g,72,0,72
5239,Malaysia MAKE OVER Powerstay Transferproof Matte Lip Cream B04 Fearless 7 g,72,0,72
5240,Malaysia MAKE OVER Powerstay Transferproof Matte Lip Cream B05 Fired Up 7 g,72,0,72
5241,Malaysia MAKE OVER Powerstay Transferproof Matte Lip Cream B06 Powerful 7 g,72,0,72
5242,Malaysia MAKE OVER Powerstay Transferproof Matte Lip Cream B07 Amplify 7 g,72,0,72
5243,Malaysia MAKE OVER Powerstay Transferproof Matte Lip Cream B08 Curious 7 g,72,0,72
5256,Malaysia MAKE OVER Powerstay Matte Powder Foundation N30 Natural Beige 12 g,24,0,24
5293,Malaysia MAKE OVER Powerstay Demi-Matte Cover Cushion C62 Rich Cocoa 15 g,24,0,24
5299,Malaysia MAKE OVER Powerstay Demi-Matte Cover Cushion W12 Warm Marble 15 g,29,0,29
5303,Malaysia MAKE OVER Powerstay Demi-Matte Cover Cushion W32 Warm Beige 15 g,48,0,48
5306,Malaysia MAKE OVER Powerstay Demi-Matte Cover Cushion W50 Creme Tan 15 g,50,0,50
5307,Malaysia MAKE OVER Powerstay Demi-Matte Cover Cushion W60 Creme Cocoa 15 g,51,0,51
5385,Malaysia Emina Cosmic Lash Volume Mascara 6 g,1980,0,1980
5386,Malaysia EMINA Total Eclipse Pen Liner 1 ml,1740,0,1740
5486,Malaysia Wardah EYEXPERT Perfect Precision Liner 1 ml,3216,0,3216
5497,Wardah Lightening Micellar Gentle Wash 100 ml bundling Wardah NFS Sachet Hairfall Treatment Shampoo 10 ml,49805,0,49805
5547,Biodef Ramadhan Package 2023 Urban Mom,192,0,192
5585,Malaysia MAKE OVER Powerstay 24H Weightless Liquid Foundation C41 Cool Sand 40 ml,25,0,25
N130,GWP Wardah Malaysia Reed Diffuser 2022,2578,0,2578
N131,NFS TAVI 10% Niacinamide + Zinc Acne Solution Serum,2970,0,2970
N132,NFS TAVI 1% Encapsulated Retinol + Peptide Slow Aging Signs Serum,3240,0,3240
N133,NFS TAVI 1% Plant Based Squalane + Ceramide Moisture Boost Serum,1026,0,1026
N142,Wardah NFS Hairfall Treatment Shampoo 10 ml,50094,0,50094
N143,Wardah NFS Sachet Hairfall Treatment Shampoo 10 ml,8113,0,8113
P528,Wardah Tester Hand & Body Lotion ETERNAL 200 ml (pc(s)),0,0,0
P622,Wardah Tester Container Evd Lum Face Powder 01 Light Beige 30 gr (Pc(s)),0,0,0
P623,Wardah Tester Container Evd Lum Face Powder 03 Ivory 30 gr (Pc(s)),0,0,0
P624,Wardah Tester Container Evd Lum Face Powder 04 Natural 30 gr (Pc(s)),0,0,0
P629,Wardah Tester Everyday BB Cream Light 30 ml (Pc(s)),0,0,0
P630,Wardah Tester Everyday BB Cream Natural 30 ml (Pc(s)),0,0,0
P631,Wardah Tester Lightening BB Cream Light 30 ml (Pc(s)),0,0,0
P635,Wardah Tester Container Blush On Seri C 4 gr (Pc(s)),0,0,0
P636,Wardah Tester Container Blush On Seri D 4 gr (Pc(s)),0,0,0
P655,Wardah Tester Container Evd Lum Liquid Foundation 03 Beige 40 ml (Pc(s)),0,0,0
P656,Wardah Tester Container Evd Lum Liquid Foundation 04 Natural 40 ml (Pc(s)),0,0,0
P657,Wardah Tester Container Evd Lum Liquid Foundation 01 Natural White 40 ml (Pc(s)),0,0,0
P833,Wardah Tester Lipstick Longlasting 02 Pink Sorbet 2.3 g (Pc(s)),0,0,0
P835,Wardah Tester Lipstick Longlasting 04 Antique Pink 2.3 g (Pc(s)),0,0,0
P837,Wardah Tester Lipstick Longlasting 06 Delicate Pink 2.3 g (Pc(s)),0,0,0
P838,Wardah Tester Lipstick Longlasting 07 Raspberry Hip 2.3 g (Pc(s)),0,0,0
P839,Wardah Tester Lipstick Longlasting 08 Red Velvet 2.3 g (Pc(s)),0,0,0
P840,Wardah Tester Lipstick Longlasting 09 Vibrant Red 2.3 g (Pc(s)),0,0,0
P841,Wardah Tester Lipstick Longlasting 10 Stylish Mocca 2.3 g (Pc(s)),0,0,0
P842,Wardah Tester Lipstick Longlasting 11 Cherrie Glam 2.3 g (Pc(s)),0,0,0
P848,Wardah Tester Intense Matte Lipstick 03 Peach Perfect 2.3 g (Pc(s)),0,0,0
P849,Wardah Tester Intense Matte Lipstick 04 Mauve Mellow 2.3 g (Pc(s)),0,0,0
P850,Wardah Tester Intense Matte Lipstick 05 Easy Brownie 2.3 g (Pc(s)),0,0,0
P854,Wardah Tester Intense Matte Lipstick 09 Vibrant-Red 2.3 g (Pc(s)),0,0,0
P855,Wardah Tester Intense Matte Lipstick 10 Miss Terracotta 2.3 g (Pc(s)),0,0,0
P856,Wardah Tester Intense Matte Lipstick 11 Choco Town 2.3 g (Pc(s)),0,0,0
P857,Wardah Tester Intense Matte Lipstick 12 Lady Burgundy 2.3 g (Pc(s)),0,0,0
P863,Wardah Tester White Secret Pure Treatment Essence 100 ml (Pc(s)),0,0,0
P864,Wardah Tester Renew You Treatment Essence 100 ml (Pc(s)),0,0,0
P923,Wardah Tester EyeXpert Aqua Lash Mascara 6 gr,0,0,0
P924,Wardah Tester EyeXpert Perfectcurl Mascara 7 gr,0,0,0
P931,Wardah Tester EyeXpert Eyeshadow Classic 3.3 gr,0,0,0
P932,Wardah Tester EyeXpert Eyeshadow Passionate 3.3 gr,0,0,0
P955,Wardah Tester White Secret Day Cream 30 gr (Pc(s)),0,0,0
P956,Wardah Tester Renew You Anti Aging Day Cream 30 gr (Pc(s)),0,0,0
P969,Wardah Tester Lightening BB Cake Powder 01 Light 11 gr (Pc(s)),0,0,0
P970,Wardah Tester Lightening BB Cake Powder 02 Sheer Pink 11 gr (Pc(s)),0,0,0
P971,Wardah Tester Lightening BB Cake Powder 03 Natural 11 gr (Pc(s)),0,0,0
S0045,2023 Wardah Box Festive Ramadhan,459,0,459
T12,Wardah Tester Container Evd Lum Face Powder 02 Beige 30 gr (Pc(s)),0,0,0
T216,Wardah Tester Container Evd Lum Two Way Cake 01 Light Beige 12 g ,0,0,0
T217,Wardah Tester Container Evd Lum Two Way Cake 02 Beige 12 g ,0,0,0
T218,Wardah Tester Container Evd Lum Two Way Cake 03 Ivory 12 g,0,0,0
T219,Wardah Tester Container Evd Lum Two Way Cake 04 Light Ivory 12 g ,0,0,0
T228,Wardah Tester Container Lightening Two Way Cake Light Feel 01 Light Beige 12 g,0,0,0
T230,Wardah Tester Container Lightening Two Way Cake Light Feel 03 Sheer Pink 12 g,0,0,0
T232,Wardah Tester Exclusive Matte Lip Cream 13 Fruit Punch 4 gr ,0,0,0
T244,Wardah Tester Eyexpert Staylast Gel Eyeliner 2 g,0,0,0
T246,Wardah Tester Body Mist ETERNAL 200 ml (pc(s)),0,0,0
T247,Wardah Tester Body Mist FLAME 200 ml (Pc(s)),0,0,0
T248,Wardah Tester Body Mist INNOCENCE 200 ml (pc(s)),0,0,0
T249,Wardah Tester Body Mist SHINE 200 ml (pc(s)),0,0,0
T251,"Wardah Tester Eye Shadow H 3,3 gr",0,0,0
T252,"Wardah Tester Eye Shadow I 3,3 gr",0,0,0
T253,"Wardah Tester Eye Shadow J 3,3 gr",0,0,0
T254,"Wardah Tester Eye Shadow K 3,3 gr",0,0,0
T255,"Wardah Tester Eye Shadow L 3,3 gr",0,0,0
T256,"Wardah Tester Eye Shadow M 3,3 gr",0,0,0
T257,"Wardah Tester Eye Shadow N 3,3 gr",0,0,0
T258,"Wardah Tester Eye Shadow A 3,3 gr",0,0,0
T259,"Wardah Tester Eye Shadow B 3,3 gr",0,0,0
T260,"Wardah Tester Eye Shadow D 3,3 gr",0,0,0
T261,"Wardah Tester Eye Shadow E 3,3 gr",0,0,0
T262,"Wardah Tester Eye Shadow F 3,3 gr",0,0,0
T263,"Wardah Tester Eye Shadow G 3,3 gr",0,0,0
T27,"Wardah Tester Eyexpert Staylast Liquid Eyeliner 3,5 gr (Pc(s))",0,0,0
T290,Wardah Tester Exclusive Matte Lip Cream 14 My Honey Bee 4 gr,0,0,0
T293,Wardah Tester Exclusive Matte Lip Cream 17 Rosy Cheek 4 gr,0,0,0
T297,Wardah Tester EyeXpert Optimum Hi-Black Liner 1 gr (Pc(s)),0,0,0
T300,Wardah Tester EyeXpert Eye & Lip Makeup Remover 100 ml,0,0,0
T306,Wardah Tester White Secret Pure Brightening Cleanser 150 ml Pc(s)),0,0,0
T307,Wardah Tester C-Defense DD Cream Light 20 ml (Pc(s)),0,0,0
T308,Wardah Tester White Secret Exfoliating Lotion 150 ml (Pc(s)),0,0,0
T310,Wardah Tester White Secret Night Cream 30 gr (Pc(s)),0,0,0
T312,Wardah Tester C-Defense DD Cream Natural 20 ml (Pc(s)),0,0,0
T313,"Wardah Tester Eye Brow Black 1,14 gr (Pc(s))",0,0,0
T314,"Wardah Tester Eye Brow Brown 1,14 gr (Pc(s))",0,0,0
T315,"Wardah Tester Eye Liner Black 1,14 gr (Pc(s))",0,0,0
T317,"Wardah Tester Eye Shadow C 3,3 gr",0,0,0
T324,Wardah Tester Hand & Body Lotion INNOCENCE 200 ml (pc(s)),0,0,0
T537,Wardah Tester Lightening Two Way Cake Extra Cover 01 Light Beige 10 g,0,0,0
T538,Wardah Tester Lightening Two Way Cake Extra Cover 02 Golden Beige 10 g,0,0,0
T539,Wardah Tester Lightening Two Way Cake Extra Cover 03 Sheer Pink 10 g,0,0,0
T540,Wardah Tester Lightening Two Way Cake Extra Cover 04 Natural 10 g,0,0,0
T542,Wardah Tester Lightening Two Way Cake Light Feel 02 Golden Beige 12 g,0,0,0
T543,Wardah Tester Lightening Two Way Cake Light Feel 03 Sheer Pink 12 g,0,0,0
T544,Wardah Tester Lightening Two Way Cake Light Feel 04 Natural 12 g,0,0,0
T601,Wardah Tester Instaperfect GLOSS CHIC Lip Crayon 01 Rhythm 2.7 g,0,0,0
T85,Wardah Tester Hand & Body Lotion SHINE 200 ml (pc(s)),0,0,0
T86,Wardah Tester Hand & Body Lotion SPARKS 200 ml (pc(s)),0,0,0
