Code,Product,Quantity on Hand,Reserved,Available
4,Acne Perfecting Moisurizer Gel Wardah 40 ml (Pc(s)),7,0,7
11,Wardah C-Defense DD Cream Light 20 ml (Pc(s)),26892,432,26460
12,Wardah C-Defense DD Cream Natural 20 ml (Pc(s)),17460,1404,16056
13,Wardah C-defense Serum 17 ml (Pc(s)),10650,210,10440
36,"Wardah Lipstick Exclusive 31 Rose Wood 3,8 gr",768,0,768
41,"Wardah Lipstick Exclusive 36 Sugary Pink 3,8 gr",2,0,2
59,Wardah Exclusive Liquid Foundation 04 Natural 20 ml,1,0,1
71,Wardah EyeXpert Aqua Lash Mascara 6 gr (Pc(s)),41136,2592,38544
72,Wardah EyeXpert Eye & Lip Makeup Remover 50 ml,8190,126,8064
73,Wardah EyeXpert Eye & Lip Makeup Remover 100 ml,7781,300,7481
76,Wardah EyeXpert Optimum Hi-Black Liner 1 gr (Pc(s)),113038,1200,111838
77,Wardah EyeXpert Perfectcurl Mascara 7 gr (Pc(s)),28950,2160,26790
79,"Wardah Eyexpert Staylast Liquid Eyeliner 3,5 gr (Pc(s))",9072,1584,7488
80,Wardah Lightening BB Cream Light 15 ml (pc(s)),9459,768,8691
81,Wardah Lightening BB Cream Light 30 ml (Pc(s)),4991,144,4847
82,Wardah Lightening BB Cream Natural 15 ml (pc(s)),31584,1632,29952
83,Wardah Lightening BB Cream Natural 30 ml (Pc(s)),7107,144,6963
117,Wardah Blush On A 4 gr,3000,480,2520
119,Wardah Blush On C 4 gr,9716,1200,8516
126,Wardah Everyday BB Cream Light 15 ml (pc(s)),32928,288,32640
127,Wardah Everyday BB Cream Light 30 ml (Pc(s)),2449,792,1657
128,Wardah Everyday BB Cream Natural 15 ml (Pc(s)),26448,432,26016
129,Wardah Everyday BB Cream Natural 30 ml (Pc(s)),18576,108,18468
133,"Wardah Evd Lum Creamy Foundation Extra Cover 04 Natural 8,5 g (Pc(s))",1,0,1
135,Wardah Evd Lum Creamy Foundation Light Feel 02 Light Beige 11 g (Pc(s)),6,0,6
138,Wardah Evd Lum Face Powder 01 Light Beige 30 g (Pc(s)),4646,432,4214
139,Wardah Evd Lum Face Powder 02 Beige 30 g (Pc(s)),3216,1008,2208
140,Wardah Evd Lum Face Powder 03 Ivory 30 g (Pc(s)),2736,336,2400
141,Wardah Evd Lum Face Powder 04 Natural 30 g (Pc(s)),3984,288,3696
146,Wardah Evd Lum Two Way Cake 01 Light Beige 12 g (Pc(s)),27,0,27
147,Wardah Evd Lum Two Way Cake 02 Beige 12 g (Pc(s)),70,36,34
148,Wardah Evd Lum Two Way Cake 03 Ivory 12 g (Pc(s)),8,0,8
149,Wardah Evd Lum Two Way Cake 04 Light Ivory 12 g (Pc(s)),32,0,32
217,Wardah Refill Evd Lum Two Way Cake 01 Light Beige 12 g (Pc(s)),7354,0,7354
218,Wardah Refill Evd Lum Two Way Cake 02 Beige 12 g (Pc(s)),4500,3600,900
219,Wardah Refill Evd Lum Two Way Cake 03 Ivory 12 g (Pc(s)),4460,3600,860
220,Wardah Refill Evd Lum Two Way Cake 04 Light Ivory 12 g (Pc(s)),4496,0,4496
244,Wardah Renew You Anti Aging Day Cream 17 ml (pc(s)),25,0,25
264,Wardah Creamy Body Butter With Lavender & Ginger 50 ml (Pc(s)),1120,64,1056
265,Wardah Creamy Body Butter With Milk & Pearl 50 ml (Pc(s)),3842,64,3778
266,Wardah Creamy Body Butter With Olive 50 ml (pc(s)),3636,96,3540
267,Wardah Creamy Body Butter With Passion Fruit 50 ml (Pc(s)),3744,32,3712
268,Wardah Creamy Body Butter With Rose 50 ml (pc(s)),992,32,960
269,Wardah Creamy Body Butter With Strawberry 50 ml (Pc(s)),1222,64,1158
278,Wardah Creamy Body Butter With Olive 150 ml (Pc(s)),228,84,144
279,Wardah Creamy Body Butter With Passion Fruit 150 ml (Pc(s)),4,0,4
282,Wardah Olive Oil For Massage 150 ml,817,24,793
283,Wardah Pure Olive Oil 50 ml,868,0,868
284,Wardah Soft Body Scrub With Olive 150 ml (Pc(s)),7,0,7
285,Wardah Soft Body Scrub With Olive 240 ml (Pc(s)),1112,128,984
286,Wardah Soft Body Scrub With Passion Fruit 150 ml (Pc(s)),1668,0,1668
287,Wardah Soft Body Scrub With Strawberry 150 ml (Pc(s)),244,0,244
288,Paket Haji Dan Umroh Wardah (Pc(s)),43,0,43
289,Wardah White Secret Day Cream 17 ml (pc(s)),38,0,38
301,"Hair Tonic Ginseng, 200 ml",10200,288,9912
303,"Hair Tonic Ginseng, 450 ml",2400,24,2376
305,"Hair Tonic Normal Hair (Yellow), 200 ml",2208,168,2040
307,"Hair Tonic Normal Hair (Yellow), 450 ml",276,36,240
308,"Hair Tonic Normal Hair (Yellow), 2 L",324,30,294
309,"Hair Tonic Normal to Oily Hair (Green), 200 ml",17448,552,16896
311,"Hair Tonic Normal to Oily Hair (Green), 450 ml",5210,60,5150
312,"Hair Tonic Normal to Oily Hair (Green), 2 L",45,45,0
332,Putri Platinum Hair Mask 720 ML (Pc(s)),564,12,552
334,Putri Platinum Neutralizer Step 2 720 ML (Pc(s)),1452,24,1428
336,Putri Platinum Pustreite Step 1 720 ML (Pc(s)),480,204,276
339,Putri Cold Wave 450 ML (Pc(s)),664,12,652
343,Putri Neutralizer Lotion 450 ML (Pc(s)),6,0,6
347,Putri Pustreite Step 1 720 ML (Pc(s)),696,0,696
350,Putri Pure Clean Hair Conditioner Apple 200 ML (Pc(s)),1152,24,1128
351,Putri Pure Clean Hair Conditioner Apple 450 ML (Pc(s)),1863,0,1863
353,Putri Pure Clean Hair Conditioner Apple 5 L (Pc(s)),742,0,742
355,Putri Pure Clean Hair Conditioner Floral 200 ML (Pc(s)),1872,0,1872
356,Putri Pure Clean Hair Conditioner Floral 450 ML (Pc(s)),696,12,684
360,Putri Pure Clean Shampoo Apple 200 ML (Pc(s)),3504,48,3456
361,Putri Pure Clean Shampoo Apple 450 ML (Pc(s)),1212,12,1200
362,Putri Pure Clean Shampoo Apple 2 L (Pc(s)),84,3,81
365,Putri Pure Clean Shampoo Lemon 200 ML (Pc(s)),1104,0,1104
366,Putri Pure Clean Shampoo Lemon 450 ML (Pc(s)),1164,12,1152
367,Putri Pure Clean Shampoo Lemon 2 L (Pc(s)),90,0,90
370,Putri Shampoo Ginseng 200 ML (Pc(s)),1821,72,1749
374,Putri SPA Series Relaxing Creambath 720 ml (pc(s)),1,0,1
376,Putri SPA Series Hair Mask 720 ml (pc(s)),113,0,113
381,Putri Massage Cream 1 KG (Pc(s)),3,0,3
389,Putri SPA Energizing Shampoo (Lemon) 450 ML (Pc(s)),7,0,7
392,Putri Hair Spray Non Aerosol Normal (Biru) 200 ML (Pc(s)),24,24,0
394,Putri Hair Spray Non Aerosol Normal (Biru) 450 ML (Pc(s)),168,0,168
397,Putri Hair Spray Non Aerosol Strong (Hijau) 450 ML (Pc(s)),156,0,156
398,Putri Styling Glaze 200 ML (Pc(s)),23,0,23
400,Putri Wet Jelly 100 ML (Pc(s)),2144,32,2112
401,Putri Wet Look 100 ML (Pc(s)),1944,144,1800
514,MAKE OVER Corrective Base Make Up 02 Greenish 40 ml (Pc(s)),0,0,0
515,MAKE OVER Hydration Serum 33 ml (Pc(s)),10532,0,10532
516,MAKE OVER Camouflage Cream Face Concealer 5X2g (Pc(s)),404,0,404
517,MAKE OVER Face Contour Kit 14 g (Pc(s)),3410,24,3386
518,MAKE OVER Perfect Cover Creamy Foundation 01 Rich Almond 12 g (Pc(s)),0,0,0
524,MAKE OVER Perfect Cover Creamy Foundation 07 Frosted White 12 g (Pc(s)),0,0,0
526,MAKE OVER Ultra Cover Liquid Matt Foundation 01 Ochre 33 ml (Pc(s)),5,0,5
527,MAKE OVER Ultra Cover Liquid Matt Foundation 02 Pink Shade 33 ml (pc(s)),4278,20,4258
528,MAKE OVER Ultra Cover Liquid Matt Foundation 03 Nude Silk 33 ml (pc(s)),7280,20,7260
529,MAKE OVER Ultra Cover Liquid Matt Foundation 04 Amber Rose 33 ml (Pc(s)),646,40,606
530,MAKE OVER Ultra Cover Liquid Matt Foundation 05 Velvet Nude 33 ml (pc(s)),380,160,220
531,MAKE OVER Ultra Cover Liquid Matt Foundation 06 Beige Blast 33 ml (pc(s)),1440,40,1400
532,MAKE OVER Ultra Cover Liquid Matt Foundation 07 Caramel 33 ml (pc(s)),380,40,340
533,Make Over Ultra Cover Liquid Matt Foundation 08 Pearl 33 ml (Pc(s)),20,20,0
535,"Perfect Cover TWC 01 Lace, 14 gr",10,0,10
537,"Perfect Cover TWC 03 Maple, 14 gr",7,0,7
538,"Perfect Cover TWC 04 Desert, 14 gr",8,0,8
551,"Refill Perfect Cov. TWC 08 Honey, 14 gr",9,0,9
557,MAKE OVER Silky Smooth Translucent Powder 01 Porcelain 35 g (Pc(s)),1734,782,952
558,MAKE OVER Silky Smooth Translucent Powder 02 Rosy 35 g (Pc(s)),1632,578,1054
559,MAKE OVER Silky Smooth Translucent Powder 03 Champagne 35 g (Pc(s),30,0,30
560,MAKE OVER Silky Smooth Translucent Powder 04 Toffee 35 g (Pc(s)),6,0,6
561,MAKE OVER Silky Smooth Translucent Powder 05 Snow 35 g (Pc(s)),1569,0,1569
586,MAKE OVER Powder Eye Shadow Golden Attack 2 g (Pc(s)),1,0,1
621,MAKE OVER Sparkling Powder Gold 2 g (Pc(S)),2,0,2
622,MAKE OVER Sparkling Powder Silver 2 g (Pc(s)),36,0,36
624,MAKE OVER Trivia Eye Shadow Emperor Brown 6 g (Pc(s)),1838,36,1802
625,MAKE OVER Trivia Eye Shadow Golden Espress 6 g (Pc(s)),93,0,93
626,MAKE OVER Trivia Eye Shadow Indian Summer 6 g (Pc(s)),3606,0,3606
627,MAKE OVER Trivia Eye Shadow Natural Nude 6 g (Pc(s)),3,0,3
633,MAKE OVER Trivia Eye Shadow Enchanting Nude Spell 6 g (Pc(s)),108,0,108
634,MAKE OVER Trivia Eye Shadow Love At First Sight 6 g (Pc(s)),3,0,3
635,MAKE OVER Trivia Eye Shadow Dolly Crush 6 g (Pc(s)),1,0,1
636,MAKE OVER Trivia Eye Shadow Magical Fairy Tale 6 g (Pc(s)),2,0,2
637,"MAKE OVER Eyebrow Pencil Black Lines 1,14 g (Pc(s))",11704,0,11704
638,"MAKE OVER Eyebrow Pencil Brown To Earth 1,14 g (Pc(s))",53913,240,53673
640,"MAKE OVER Eye Liner Pencil Black Jack 1,2 g (Pc(s))",45620,269,45351
641,"MAKE OVER Eye Liner Pencil Brown Latte 1,2 g (Pc(s))",4111,20,4091
642,"MAKE OVER Eye Liner Pencil Navy Blue 1,2 g (Pc(s))",3396,1,3395
649,"MAKE OVER Eye Liner Pencil Silver Lines 1,2 g (Pc(s))",10793,16,10777
652,MAKE OVER Eye Liner Pencil Package Black Jack (Pc(s)),2,0,2
656,MAKE OVER BO Single 01 Pink Fantasist 6 g (Pc(s)),433,36,397
658,MAKE OVER BO Single 03 Promiscious Peach 6g (Pc(s)),1872,36,1836
661,MAKE OVER BO Single 06 Caribbean Sunset 6 g (Pc(s)),1695,72,1623
662,MAKE OVER BO Single 07 Scarlet Sheen 6 g (Pc(s)),1008,180,828
663,MAKE OVER BO Single 08 Cruise Coral 6 g (Pc(s)),1026,0,1026
664,MAKE OVER BO Single 09 Summer Twist 6 g (Pc(s)),144,36,108
665,"MAKE OVER BO 01 Pink Fantasist Refill Pack 3,5 g (pc(s))",1,0,1
674,MAKE OVER Cheek Marbles 20 g (Pc(s)),384,0,384
691,"MAKE OVER Lip Color Palette Peplum Pink 02 5x1,7 g (Pc(s))",0,0,0
748,"MAKE OVER Lipbalm Lip Nutrition Melon Crazy 3,8 g (Pc(s))",1,0,1
750,"MAKE OVER Lipbalm Lip Nutrition Vanilla Latte 3,8 g (Pc(s))",2,0,2
758,MAKE OVER Make Up Remover 100 ml (Pc(s)),824,24,800
759,MAKE OVER Toner 100 ml (Pc(s)),2,0,2
764,MAKE OVER Small Sharpener (Pc(s)),5197,17,5180
775,Emina Cheek Lit Cream Blush Pink 10 ml (Pc(s)),61,0,61
776,Emina Cheek Lit Cream Blush Peach 10 ml (Pc(s)),10191,70,10121
777,Emina Cheek Lit Pressed Blush Bittersweet 3.5 gr (Pc(s)),2150,120,2030
778,Emina Cheek Lit Pressed Blush Cherry Blossoms 3.5 gr (Pc(s)),3000,360,2640
779,Emina Cheek Lit Pressed Blush Cotton Candy 3.5 gr (Pc(s)),3956,0,3956
780,Emina Cheek Lit Pressed Blush Marshmallow Lady 3.5 gr (Pc(s)),2637,120,2517
781,Emina Cheek Lit Pressed Blush Sugarcane 3.5 gr (Pc(s)),119,0,119
782,Emina Cheek Lit Pressed Blush Violet Berry 3.5 gr (Pc(s)),960,120,840
810,Emina Pop Rouge Pressed Eye Shadow Blue 3.3 gr (Pc(s)),252,0,252
811,Emina Pop Rouge Pressed Eye Shadow Gelato 3.3 gr (Pc(s)),80,0,80
812,Emina Pop Rouge Pressed Eye Shadow Romantic 3.3 gr (Pc(s)),15,0,15
814,Emina Pop Rouge Pressed Eye Shadow Nude 3.3 gr (Pc(s)),1560,0,1560
815,Emina Eye Do! Pencil Eye Liner Black 1 gr (Pc(s)),9090,0,9090
816,Emina Eye Do! Pencil Eye Liner Brown 1 gr (Pc(s)),1691,0,1691
820,Emina Agent of Brow Black 1.2 gr (Pc(s)),16353,0,16353
821,Emina Agent of Brow Brown 1.2 gr (Pc(s)),28900,0,28900
822,Emina Star Lash Aqua Mascara 5 gr (Pc(s)),121,0,121
824,Emina Double Agent Eyebrow Black 0.3 gr (Pc(s)),105,105,0
825,Emina Double Agent Eyebrow Brown 0.3 gr (Pc(s)),1,0,1
827,Emina Eye Do! Crayon Pour Les Yeux Black 0.2 gr (Pc(s)),7069,120,6949
886,MAKE OVER Perfect Cover TWC 01 Lace 12 g (Pc(s)),1248,0,1248
887,MAKE OVER Perfect Cover TWC 02 Coral 12 g (Pc(s)),1296,432,864
888,MAKE OVER Perfect Cover TWC 03 Maple 12 g (Pc(s)),4872,48,4824
889,MAKE OVER Perfect Cover TWC 04 Desert 12 g (Pc(s)),4296,0,4296
890,MAKE OVER Perfect Cover TWC 05 Cinnamon 12 g (Pc(s)),1159,144,1015
891,MAKE OVER Perfect Cover TWC 07 Espresso 12 g (Pc(s)),621,0,621
892,MAKE OVER Perfect Cover TWC 06 Cappuccino 12 g (Pc(s)),936,24,912
893,MAKE OVER Perfect Cover Refill TWC 01 Lace 12 g (Pc(s)),1368,288,1080
894,MAKE OVER Perfect Cover Refill TWC 02 Coral 12 g (Pc(s)),1584,72,1512
895,MAKE OVER Perfect Cover Refill TWC 03 Maple 12 g (Pc(s)),1080,0,1080
896,MAKE OVER Perfect Cover Refill TWC 04 Desert 12 g (Pc(s)),1440,0,1440
897,MAKE OVER Perfect Cover Refill TWC 05 Cinnamon 12 g (Pc(s)),1224,72,1152
900,MAKE OVER Perfect Cover TWC 08 Honey 12 g (Pc(s)),840,0,840
901,MAKE OVER Perfect Cover Refill TWC 08 Honey 12 g (Pc(s)),1368,0,1368
902,Wardah Eye Brow Black,25,0,25
903,Wardah Eye Brow Brown,6,0,6
927,"Wardah Eye Shadow I 3,3 gr (pc(s))",3960,1320,2640
933,"Wardah Eye Shadow A 3,3 gr (pc(s))",5640,1200,4440
940,"Wardah EyeXpert Eyeshadow Classic 3,3 gr",6720,720,6000
941,"Wardah EyeXpert Eyeshadow Passionate 3,3 gr",999,360,639
944,Wardah Exclusive Matte Lip Cream 03 See You Latte 4 gr (Pc(s)),6,0,6
946,Wardah Exclusive Matte Lip Cream 05 Speachless 4 gr (Pc(s)),92,0,92
947,Wardah Exclusive Matte Lip Cream 06 Feeling Red 4 gr (Pc(s)),72,0,72
948,Wardah Eye Liner Black,29631,1400,28231
976,"MAKE OVER Professional Highlight & Contour Palette 8 x 3,5 g (Pc(s))",2,0,2
979,"MAKE OVER Intense Matte Lip Cream 001 Lavish 6,5 g (Pc(s))",84,0,84
980,"MAKE OVER Intense Matte Lip Cream 002 Heiress 6,5 g (Pc(s))",4,0,4
981,"MAKE OVER Intense Matte Lip Cream 003 Secret 6,5 g (Pc(s))",220,0,220
982,"MAKE OVER Intense Matte Lip Cream 004 Vanity 6,5 g (Pc(s))",735,0,735
983,"MAKE OVER Intense Matte Lip Cream 005 Impulse 6,5 g (Pc(s))",2412,12,2400
984,"MAKE OVER Intense Matte Lip Cream 006 Cosmopolitan 6,5 g (Pc(s))",3246,108,3138
985,"MAKE OVER Intense Matte Lip Cream 007 Scarlet 6,5 g (Pc(s))",834,0,834
986,"MAKE OVER Intense Matte Lip Cream 008 Libertine 6,5 g (Pc(s))",962,0,962
987,MAKE OVER BO Single 10 Passion Pink 6 g (Pc(s)),1440,0,1440
1016,Emina Dirt-less In Sight Make UP Remover 50 ml (Pc(s)),1064,0,1064
1021,Emina Moist In a Bottle 50 ml (Pc(s)),5499,168,5331
1039,Emina Creamy Milk Cleansing Lotion 50 ml (Pc(s)),2,0,2
1041,Wardah C-Defense Face Mist 55 ml (Pc(s)),6443,240,6203
1045,Emina Green Tea Latte Face Mask 60 ml (Pc(s)),3492,72,3420
1051,MAKE OVER TWC Palette 3X12 g (Pc(s)),144,0,144
1075,Wardah Exclusive Matte Lip Cream 09 Mauve On 4 gr (Pc(S)),57,0,57
1076,Wardah Exclusive Matte Lip Cream 10 Berry Pretty 4 gr (Pc(s)),38,0,38
1078,Wardah Exclusive Matte Lip Cream 12 Plum It Up 4 gr (Pc(s)),99,0,99
1082,Emina Creamatte 03 Mauvelous 5.5 gr (Pc(s)),72,0,72
1102,Emina Creamatte 05 Flamingo 5.5 gr (Pc(s)),1317,156,1161
1103,Emina Creamatte 06 Jelly Bean 5.5 gr (Pc(s)),672,12,660
1104,Emina Creamatte 07 Tumbleweed 5.5 gr (Pc(s)),2100,0,2100
1105,Wardah Lipstick Longlasting 01 Fabulous Peach 2.3 g (Pc(s)),276,0,276
1107,Wardah Lipstick Longlasting 03 Simply Brown 2.3 g (Pc(s)),653,0,653
1112,Wardah Lipstick Longlasting 08 Red Velvet 2.3 g (Pc(s)),459,12,447
1113,Wardah Lipstick Longlasting 09 Vibrant Red 2.3 g (Pc(s)),38,36,2
1114,Wardah Lipstick Longlasting 10 Stylish Mocca 2.3 g (Pc(s)),1652,0,1652
1128,Wardah Intense Matte Lipstick 10 Miss Terracotta 2.3 g (Pc(s)),5,0,5
1129,Wardah Intense Matte Lipstick 11 Choco Town 2.3 g (Pc(s)),3,0,3
1131,MAKE OVER Ultra Hi-Matte Lipstick 001 King of Pink 2.3 g (Pc(s)),1,0,1
1135,MAKE OVER Ultra Hi-Matte Lipstick 005 Champagne Rose 2.3 g (Pc(s)),1,0,1
1150,Wardah C-Defense Energizing Creamy Wash 100 ml (Pc(s)),40470,10560,29910
1165,Emina Pop Rouge Pressed Eye Shadow Posh 3.3 gr (Pc(s)),252,0,252
1166,Emina Pop Rouge Pressed Eye Shadow Brick 3.3 gr (Pc(s)),884,378,506
1204,MAKE OVER Velvet Mattifying Primer 20 ml,12646,180,12466
1211,Emina Brush Set (Set),17910,10,17900
1219,"MAKE OVER Liquid Eye Liner Black 1,7 ml (Pc(s))",14182,0,14182
1220,Wardah Exclusive Matte Lip Cream 13 Fruit Punch 4 gr (Pc(s)),6,0,6
1221,Wardah Exclusive Matte Lip Cream 14 My Honey Bee 4 gr (Pc(s)),4,0,4
1223,Wardah Exclusive Matte Lip Cream 16 Heartbeet 4 gr (Pc(s)),7,0,7
1224,Wardah Exclusive Matte Lip Cream 17 Rosy Cheek 4 gr (Pc(s)),5,0,5
1226,Wardah C-Defense Energizing Creamy Wash 60 ml (Pc(s)),26028,1044,24984
1251,Emina Apricot Jam Face Scrub 60 ml (Pc(s)),7452,36,7416
1254,"MAKE OVER Intense Matte Lip Cream 015 Coquette 6,5 g (Pc(s))",1941,96,1845
1255,"MAKE OVER Intense Matte Lip Cream 016 Pixie 6,5 g (Pc(s))",28,0,28
1256,"MAKE OVER Intense Matte Lip Cream 017 Savvy 6,5 g (Pc(s))",60,12,48
1257,"MAKE OVER Intense Matte Lip Cream 018 Classic 6,5 g (Pc(s))",804,192,612
1258,"MAKE OVER Intense Matte Lip Cream 019 Vogue 6,5 g (Pc(s))",2592,96,2496
1259,"MAKE OVER Intense Matte Lip Cream 020 Style 6,5 g (Pc(s))",240,0,240
1263,MAKE OVER Eye Shadow Palette Nudes 10 g (Pc(s)),116,0,116
1284,"MAKE OVER Intense Matte Lip Cream 012 Couture 6,5 g (Pc(s))",39,0,39
1407,Malaysia Wardah Nude Colours Eyeshadow Passionate 3.3 g (Pc(s)),120,0,120
1424,"MAKE OVER Intense Matte Lip Cream 010 Lux 6,5 g (Pc(s))",45,12,33
1439,Wardah Intense Matte Lipstick 16 Pecan Pie 2.3 g (Pc(s)),1,0,1
1442,Wardah Tester Intense Matte Lipstick 15 Out of Red! 2.3 g (Pc(s)),0,0,0
1443,Wardah Tester Intense Matte Lipstick 16 Pecan Pie 2.3 g (Pc(s)),0,0,0
1444,"MAKE OVER Intense Matte Lip Cream 009 Posh 6,5 g (Pc(s))",2188,96,2092
1445,"MAKE OVER Intense Matte Lip Cream 011 Pompous 6,5 g (Pc(s))",653,0,653
1491,"MAKE OVER Intense Matte Lip Cream 013 Dainty 6,5 g (Pc(s))",498,12,486
1492,"MAKE OVER Intense Matte Lip Cream 014 Coco 6,5 g (Pc(s))",738,96,642
1499,MAKE OVER Hyperblack Superstay Liner 1 g ,71480,576,70904
1507,MAKE OVER Brow Styler Eye Definer Mocha 0.13 g,3014,0,3014
1520,Wardah Perfect Bright Creamy Foam Brightening + Oil Control 60 ml (Pc(s)),0,0,0
1524,Wardah Perfect Bright Peel Off Mask 60 ml,1,0,1
1525,Wardah Nature Daily Mineral+ Clarifying Clay Mask 60 ml,3276,72,3204
1528,Wardah Everyday Fruity Sheer Lip Balm Strawberry 4 g,9424,8208,1216
1529,Wardah Everyday Fruity Sheer Lip Balm Grape 4 g,6876,2400,4476
1530,Wardah Everyday Moisture Lip Nutrition Honey 4 g,4392,672,3720
1531,Wardah Everyday Moisture Lip Nutrition Green Tea 4 g,5784,288,5496
1532,"Wardah Everyday Cheek and Lip Tint 01 Red, Set, Glow! 5.5 g",10940,384,10556
1533,Wardah Everyday Cheek and Lip Tint 02 My Baerry! 5.5 g,4536,0,4536
1534,Wardah Everyday Cheek and Lip Tint 03 Pink on Point! 5.5 g,660,12,648
1554,Wardah Nature Daily Seaweed Cleansing Micellar Water 100 ml,13616,504,13112
1555,Wardah Nature Daily Seaweed Cleansing Micellar Water 240 ml,5549,72,5477
1556,MAKE OVER Color Stick Matte Crayon 101 Brooklyn 2.6 g,9859,0,9859
1557,MAKE OVER Color Stick Matte Crayon 102 Iris 2.6 g,4035,0,4035
1558,MAKE OVER Color Stick Matte Crayon 103 Harper 2.6 g,9048,48,9000
1559,MAKE OVER Color Stick Matte Crayon 104 Blake 2.6 g,6815,0,6815
1560,MAKE OVER Color Stick Matte Crayon 105 Skye 2.6 g,128055,96,127959
1571,Wardah EyeXpert The Volume Expert Mascara 7 gr (Pc(s)),68820,2880,65940
1572,Wardah Acnederm Pure Foaming Cleanser 60 ml (Pc(s)),26669,3348,23321
1573,Wardah Acnederm Pore Refining Toner 100 ml (Pc(s)),10052,1420,8632
1574,Wardah Acnederm Day Moisturizer 40 ml (Pc(s)),7532,4290,3242
1575,Wardah Acnederm Acne Spot Treatment Gel 15 ml (Pc(s)),35710,4788,30922
1576,Wardah Acnederm Pore Blackhead Balm 20 g (Pc(s)),4896,144,4752
1577,Wardah Acnederm Face Powder 20 g (Pc(s)),5472,240,5232
1578,Wardah Acnederm Night Treatment Moisturizer 40 ml (Pc(s)),19017,600,18417
1587,MAKE OVER Powerstay Matte Powder Foundation N10 Marble 12 g,1848,528,1320
1589,MAKE OVER Powerstay Matte Powder Foundation C21 Pink Ivory 12 g,1200,0,1200
1590,MAKE OVER Powerstay Matte Powder Foundation W33 Honey Beige 12 g,1200,48,1152
1591,MAKE OVER Powerstay Matte Powder Foundation N30 Natural Beige 12 g,1212,0,1212
1594,MAKE OVER Powerstay Matte Powder Foundation C62 Rich Cocoa 12 g,432,96,336
1595,MAKE OVER Powerstay Mattifying Transparent Powder 11 g,2100,42,2058
1606,Wardah Nature Daily Aloe Hydramild Moisturizer Cream 40 ml,25047,600,24447
1607,Wardah Nature Daily Witch Hazel Purifying Moisturizer Gel 40 ml ,7911,30,7881
1608,Wardah Nature Daily Seaweed Balancing Facial Wash 60 ml ,14324,144,14180
1610,Wardah Nature Daily Seaweed Balancing Facial Scrub 60 ml ,1980,36,1944
1619,Wardah Nature Daily Aloe Hydramild Facial Wash 60 ml ,47124,0,47124
1620,Wardah Nature Daily Aloe Hydramild Facial Wash 100 ml ,8430,570,7860
1621,Wardah Nature Daily Mineral+ Clarifying Facial Foam 60 ml ,10799,36,10763
1622,MAKE OVER Cliquematte Lip Stylo 201 Eclair 2 g,7453,0,7453
1623,MAKE OVER Cliquematte Lip Stylo 202 Hollywood 2 g,6867,0,6867
1624,MAKE OVER Cliquematte Lip Stylo 203 Crush 2 g,10964,0,10964
1626,MAKE OVER Cliquematte Lip Stylo 205 Jetsetter 2 g,4630,0,4630
1627,MAKE OVER Cliquematte Lip Stylo 206 Grandiose 2 g,1609,156,1453
1629,MAKE OVER Cliquematte Lip Stylo 208 Spotlight 2 g,2,0,2
1631,Wardah Nature Daily Mineral+ Clarifying Facial Foam 100 ml ,10828,90,10738
1632,Wardah Lightening Day Cream 30 g (Pc(s)),3,0,3
1639,Emina Magic Potion 01 Scarlet 5.5 ml,7680,0,7680
1640,Emina Magic Potion 02 Sunglow 5.5 ml,648,132,516
1641,Emina Magic Potion 03 Smitten 5.5 ml,2892,0,2892
1642,Emina Cheek Lit Cream Blush Violet 10 ml ,4340,0,4340
1644,Emina Creamatte 08 Pumpkin Spice 5.5 gr ,384,12,372
1645,Emina Creamatte 09 Baby Fox 5.5 gr ,1248,0,1248
1646,Emina Creamatte 10 Starfish 5.5 gr ,1495,0,1495
1647,Emina Creamatte 11 Amazeballs 5.5 gr,4392,144,4248
1648,Emina Aqua Infused Sleeping Mask 30 g,17060,64,16996
1649,Emina Cranberry Juice Face Mask 60 ml ,3,0,3
1651,MAKE OVER Silky Smooth Translucent Powder 06 Buttermilk 35 g,1598,952,646
1652,MAKE OVER Silky Smooth Translucent Powder 07 Vanilla 35 g,1768,748,1020
1673,MAKE OVER Powerstay Precision Liquid Liner Jet Black 2.7 g,139,0,139
1694,Wardah Instaperfect GLOSS CHIC Lip Crayon 03 Mind 2.7 g,1,0,1
1695,Wardah Instaperfect MATTECENTRIC Lip Crayon 01 Pace 3 g,6,0,6
1697,Wardah Instaperfect MATTECENTRIC Lip Crayon 03 Honor 3 g,36,0,36
1698,Wardah Instaperfect MATTECENTRIC Lip Crayon 04 Joy 3 g,12,0,12
1699,Wardah Instaperfect MATTECENTRIC Lip Crayon 05 Sense 3 g,9,0,9
1705,Wardah Hair Fall Treatment Conditioner 170 ml (Pc(s)),25968,522,25446
1706,Wardah Nutri Shine Conditioner 170 ml (Pc(s)),15115,270,14845
1707,Wardah EyeXpert Eyebrow Kit 3 g (Pc(s)),4895,4512,383
1708,Wardah Renew You Anti Aging Facial Wash 100 ml (Pc(s)),2040,0,2040
1735,Emina Pore Ranger 20 ml (Pc(s)),15506,324,15182
1762,Wardah Instaperfect CITY BLUSH Blusher Click 02. Adore 5.6 g,553,0,553
1763,MAKE OVER Riche Glow Face Highlighter 13 g,864,0,864
1770,MAKE OVER Lip Amplify Contour Liner 01 Exposed 0.2 g,10,0,10
1771,MAKE OVER Lip Amplify Contour Liner 02 Flatter 0.2 g,653,0,653
1774,MAKE OVER Lip Amplify Contour Liner 05 Pin Up 0.2 g,3191,12,3179
1775,Wardah Scentsation Bliss Body Mist 100 ml (Pc(s)),11939,275,11664
1776,Wardah Scentsation Joyful Body Mist 100 ml (Pc(s)),20603,250,20353
1777,Wardah Scentsation Peaceful Body Mist 100 ml (Pc(s)),8016,150,7866
1778,Wardah Scentsation Passion Body Mist 100 ml (Pc(s)),2850,225,2625
1779,Wardah Scentsation Bliss Eau De Toilette 35 ml (Pc(s)),1588,108,1480
1780,Wardah Scentsation Joyful Eau De Toilette 35 ml (Pc(s)),10769,108,10661
1781,Wardah Scentsation Peaceful Eau De Toilette 35 ml (Pc(s)),4511,72,4439
1782,Wardah Scentsation Passion Eau De Toilette 35 ml (Pc(s)),4200,180,4020
1793,Emina Masquerade Face Mask Rice 23 g,100128,144,99984
1794,Emina Masquerade Face Mask Pomegranate 23 g,35557,48,35509
1797,Emina Masquerade Face Mask Tea Tree Oil 23 g,57677,96,57581
1803,Wardah Instaperfect HYPERGETIC Precise Black Liner 1 g,31344,0,31344
1804,Emina Lip Tint Eraser 10 ml,70,0,70
1811,"Malaysia Wardah Double Function Kit 4,5 gr",84,0,84
1842,Wardah Instaperfect SPOTLIGHT Chromatic Eye Palette 10 g,15,0,15
1843,Emina Micellar Water Drop Cleanser – Bright Stuff 100 ml,17,0,17
1855,Wardah Instaperfect MATTETITUDE Matte Stain Lipstick 01. SWING 3.5 g,110,36,74
1856,Wardah Instaperfect MATTETITUDE Matte Stain Lipstick 02. NOBLE 3.5 g,54,12,42
1857,Wardah Instaperfect MATTETITUDE Matte Stain Lipstick 03. FEMME 3.5 g,631,312,319
1858,Wardah Instaperfect MATTETITUDE Matte Stain Lipstick 04. BUZZ 3.5 g,227,0,227
1859,Wardah Instaperfect MATTETITUDE Matte Stain Lipstick 05. FLUX 3.5 g,625,0,625
1880,Emina Bright Stuff Moisturizing Cream 20 ml,24,0,24
1881,Emina Bright Stuff Face Wash 50 ml,105086,14050,91036
1883,Wardah Scentsation Purity Body Mist 100 ml (Pc(s)),6511,425,6086
1884,Wardah Scentsation Purity Eau De Toilette 35 ml (Pc(s)),13886,72,13814
1887,Emina Ms. Pimple Acne Solution Spot Gel 15 ml,13008,210,12798
1888,Emina Bare With Me Mineral Loose Powder 01 Fair 8 g,720,0,720
1895,Emina Daily Matte Loose Powder 01 Light Beige 20 g,5280,128,5152
1896,Emina Daily Matte Loose Powder 02 Natural Beige 20 g,12544,96,12448
1904,MAKE OVER Powerskin Water Charge Moisturizer 42 ml,2004,0,2004
1909,Emina Ms. Pimple Acne Solution Moisturizing Gel 20 ml,216,216,0
1911,Wardah Instaperfect BROWFESSIONAL 3D Brow Mascara 01. BROWN 5.5 g,2,0,2
1916,Emina Lip Cushion 01. Let It Peach 9 g,85,0,85
1918,MAKE OVER Shimmering Powder Bronzed 13 gr,188,0,188
1921,MAKE OVER Shimmering Powder Quartza 13 gr,12,0,12
1922,MAKE OVER Powerstay Ultra Glow Highlighter 3 x 3.5 g ,418,120,298
1923,Emina Sebum Fighter Loose Powder 8 g,1944,72,1872
1954,MAKE OVER POWERSTAY Color Correcting Primer Green 25 ml,2100,0,2100
1955,MAKE OVER POWERSTAY Color Correcting Primer Lilac 25 ml,1749,0,1749
1957,MAKE OVER POWERSTAY Color Correcting Primer Yellow 25 ml,57,0,57
1958,MAKE OVER POWERSTAY Under Eye Perfecting Concealer 20 Light 1.8 ml,2,0,2
1959,MAKE OVER POWERSTAY Under Eye Perfecting Concealer 30 Light-Medium 1.8 ml,6,0,6
1967,Emina Bright Stuff Face Wash 100 ml,71975,4600,67375
1968,MAKE OVER Powerskin Radiant Tinted Moisturizer 20 Light Beige 40 ml,1,0,1
1976,MAKE OVER Powerskin Radiant Tinted Moisturizer 10 Light 40 ml,10,0,10
1977,MAKE OVER Powerskin Liquid Glow Moisturizer 45 ml,1,0,1
1978,MAKE OVER Color Stick Gloss Crayon 101 Veronica 3 g,248,0,248
1979,MAKE OVER Color Stick Gloss Crayon 102 Abigail 3 g,8,0,8
1980,MAKE OVER Color Stick Gloss Crayon 103 Emma 3 g,192,56,136
1981,MAKE OVER Color Stick Gloss Crayon 104 Chloe 3 g,17,0,17
1982,MAKE OVER Color Stick Gloss Crayon 105 Jolene 3 g,192,0,192
1984,MAKE OVER Cliquematte Lip Stylo 210 Hotshot 2 g,7205,0,7205
1992,Emina Bright Stuff Tone Up Cream 20 ml,163944,3384,160560
1993,Emina Bright Stuff Essence Sheet Mask 23 g,480,480,0
1994,MAKE OVER Powerstay Total Cover Liquid Concealer 01 Light 6.5 ml,2820,0,2820
1995,MAKE OVER Powerstay Total Cover Liquid Concealer 02 Light to Medium 6.5 ml,5832,0,5832
1996,MAKE OVER Powerstay Total Cover Liquid Concealer 03 Medium 6.5 ml,6636,72,6564
2020,MAKE OVER Powerstay Brow Definer Mascara 01 Long Black 6.5 g,3081,0,3081
2021,MAKE OVER Powerstay Brow Definer Mascara 02 Chocolate 6.5 g,4728,72,4656
2024,MAKE OVER Powerstay Royal Rose Eye Palette 12 x 0.4 g,5813,7,5806
2028,Wardah Exclusive Flawless Cover Cushion 02 Honey Beige 15 g,2740,0,2740
2029,Wardah Exclusive Flawless Cover Cushion 03 Sandy Beige 15 g,96,0,96
2031,Emina Oh So Kissable Tinted Balm Stick Pink Bonbons 3.4 g,1272,64,1208
2032,Emina Oh So Kissable Tinted Balm Stick Plum Candy 3.4 g,8512,256,8256
2033,Emina Aloe Vera Gel 60 ml,10296,216,10080
2034,Wardah Exclusive Liquid Foundation 01 Light Beige 20 ml,1,0,1
2035,Wardah Exclusive Liquid Foundation 02 Sheer Pink 20 ml,5974,112,5862
2039,Wardah Exclusive Two Way Cake 01 Sheer Pink 12 g,30,30,0
2040,Wardah Exclusive Two Way Cake 02 Light Beige 12 g,19,0,19
2041,Wardah Exclusive Two Way Cake 03 Sandy Beige 12 g,29,0,29
2044,Wardah Refill Exclusive Two Way Cake 01 Sheer Pink 12 g,19560,225,19335
2045,Wardah Refill Exclusive Two Way Cake 02 Light Beige 12 g,13006,675,12331
2046,Wardah Refill Exclusive Two Way Cake 03 Sandy Beige 12 g,11430,450,10980
2047,Wardah Refill Exclusive Two Way Cake 04 Natural 12 g,6840,990,5850
2049,Wardah Exclusive Creamy Foundation 01 Light Beige 12 g,1530,0,1530
2050,Wardah Exclusive Creamy Foundation 02 Sheer Pink 12 g,1690,0,1690
2054,Wardah Exclusive Moist Lipstick 20 Pink Pearl 3.5 g,3458,144,3314
2055,Wardah Exclusive Moist Lipstick 21 Orchid Pink 3.5 g,3156,144,3012
2056,Wardah Exclusive Moist Lipstick 23 Ruby Red 3.5 g,5232,432,4800
2057,Wardah Exclusive Moist Lipstick 26 Mango 3.5 g,775,432,343
2058,Wardah Exclusive Moist Lipstick 29 Lavender 3.5 g,96,12,84
2059,Wardah Exclusive Moist Lipstick 30 Golden Coral 3.5 g,2208,144,2064
2060,Wardah Exclusive Moist Lipstick 32 Sheer Brown 3.5 g,2487,288,2199
2061,Wardah Exclusive Moist Lipstick 35 Great Berry 3.5 g,1679,144,1535
2062,Wardah Exclusive Moist Lipstick 36 Sugary Pink 3.5 g,3924,288,3636
2063,Wardah Exclusive Moist Lipstick 41 Charming Red 3.5 g,3972,144,3828
2064,Wardah Exclusive Moist Lipstick 43 Magnificent Red 3.5 g,1041,144,897
2065,Wardah Exclusive Moist Lipstick 46 Chic Magenta 3.5 g,5556,144,5412
2066,Wardah Exclusive Matte Lipstick 01 Pink 3.5 g,1103,0,1103
2067,Wardah Exclusive Matte Lipstick 02 Magenta 3.5 g,671,12,659
2068,Wardah Exclusive Matte Lipstick 03 Red 3.5 g,9215,0,9215
2069,Wardah Exclusive Matte Lipstick 04 Orange 3.5 g,11942,156,11786
2070,Wardah Exclusive Matte Lipstick 05 Peach 3.5 g,1332,864,468
2071,Wardah Exclusive Matte Lipstick 06 Dark Red 3.5 g,7272,432,6840
2072,Wardah Exclusive Matte Lipstick 09 True Red 3.5 g ,7214,432,6782
2073,Wardah Exclusive Matte Lipstick 12 Maroon 3.5 g,11243,288,10955
2074,Wardah Exclusive Matte Lipstick 13 Cocoa Look 3.5 g,10260,288,9972
2075,Wardah Exclusive Matte Lipstick 16 Summer Pink 3.5 g,10159,504,9655
2076,Wardah Exclusive Matte Lipstick 17 Gorgeous Pink 3.5 g,1080,444,636
2077,Wardah Exclusive Matte Lipstick 18 Rosy Pink 3.5 g,540,300,240
2079,Wardah Exclusive Blush On 02 Coral Peach 6.5 g,3839,2448,1391
2080,Wardah Exclusive Eyeshadow Palette 01 Sunset Brown 10 g,3996,2808,1188
2081,Wardah Exclusive Eyeshadow Palette 02 Rose Glow 10 g,5942,594,5348
2082,MAKE OVER Powerstay Eyeshadow Primer 7 g,319,0,319
2083,Emina Bright Stuff Loose Powder 55 g,10656,2232,8424
2084,MAKE OVER Two Way Cake Sponge,78,0,78
2087,MAKE OVER Fan Brush 17 cm,15,0,15
2089,MAKE OVER Pencil Brush 17 cm,744,0,744
2090,Emina Body Mist Pixie Dust 10 ml,1032,0,1032
2091,Emina Body Mist Rain Forest 10 ml,5328,0,5328
2092,Emina Body Mist Indian Summer 10 ml,4440,0,4440
2093,Emina Body Mist Ocean Mist 10 ml,3108,0,3108
2104,MAKE OVER Powerstay Vivid Waterlite Lip Stain A01 Bumble 5.5 g,2226,0,2226
2105,MAKE OVER Powerstay Vivid Waterlite Lip Stain A02 Double Dare 5.5 g,7359,0,7359
2106,MAKE OVER Powerstay Vivid Waterlite Lip Stain A03 Kiss Bang 5.5 g,7962,0,7962
2107,MAKE OVER Powerstay Vivid Waterlite Lip Stain A04 Corvette 5.5 g,3174,144,3030
2109,MAKE OVER Powerstay Vivid Waterlite Lip Stain A06 Passion 5.5 g,1719,0,1719
2110,MAKE OVER Powerstay Vivid Waterlite Lip Stain A07 XOXO 5.5 g,4221,12,4209
2111,MAKE OVER Powerstay Vivid Waterlite Lip Stain A08 Plush 5.5 g,2196,0,2196
2112,Wardah Colorfit Velvet Matte Lip Mousse 01 Brown Dreamer 4 g,7967,6144,1823
2113,Wardah Colorfit Velvet Matte Lip Mousse 02 Joyful Orange 4 g,4330,3264,1066
2114,Wardah Colorfit Velvet Matte Lip Mousse 03 Rose Ballerina 4 g,4571,1360,3211
2115,Wardah Colorfit Velvet Matte Lip Mousse 04 Pink Sweetheart 4 g,5280,576,4704
2116,Wardah Colorfit Velvet Matte Lip Mousse 05 Artisan Mauve 4 g,11917,576,11341
2117,Wardah Colorfit Velvet Matte Lip Mousse 06 Fuchsia Lover 4 g,7121,192,6929
2118,Wardah Colorfit Velvet Matte Lip Mousse 07 Red Pioneer 4 g,10980,1344,9636
2119,Wardah Colorfit Velvet Matte Lip Mousse 08 Brown Creator 4 g,34128,33984,144
2135,Emina Creamytint 01 Brick Town 3.6 g,3842,192,3650
2136,Emina Creamytint 02 Peach Crush 3.6 g,5912,0,5912
2137,Emina Creamytint 03 Sunbeam 3.6 g,636,0,636
2138,Emina Creamytint 04 Wild Berry 3.6 g,3900,300,3600
2139,Emina Creamytint 05 Cherry Soda 3.6 g,60,0,60
2140,MAKE OVER Powerstay Fix & Matte Makeup Setting Spray 50 ml,17760,126,17634
2161,Wardah Colorfit Ultralight Matte Lipstick 01 Parfait Pink 3.6 g,18791,0,18791
2162,Wardah Colorfit Ultralight Matte Lipstick 02 Summer Peach 3.6 g,1454,864,590
2163,Wardah Colorfit Ultralight Matte Lipstick 03 Caramel Nude 3.6 g,3624,0,3624
2164,Wardah Colorfit Ultralight Matte Lipstick 04 Mocca Brown 3.6 g,6033,1728,4305
2165,Wardah Colorfit Ultralight Matte Lipstick 05 Blossom Pink 3.6 g,26256,1152,25104
2166,Wardah Colorfit Ultralight Matte Lipstick 06 Punch Fuchsia 3.6 g,892,720,172
2167,Wardah Colorfit Ultralight Matte Lipstick 07 Crimson Red 3.6 g,5160,1872,3288
2168,Wardah Colorfit Ultralight Matte Lipstick 08 Woodsy Brown 3.6 g,25213,1296,23917
2169,Wardah Crystallure Supreme Revitalizing Rich Cream 50 g,2563,252,2311
2170,Crystallure Supreme Activating Overnight Cream 50 g,4776,480,4296
2171,Wardah Crystallure Supreme Advanced Eye Serum 15 ml,1280,0,1280
2172,Crystallure Supreme Activating Booster Essence 30 ml,3410,0,3410
2173,Wardah Crystallure Supreme Double Action Micellar Gel 150 ml,5304,0,5304
2174,Crystallure Supreme Revitalizing Oil Serum 30 ml,1,0,1
2175,Wardah Crystallure Supreme Advanced Hydra Gel 50 g,299,12,287
2176,Wardah Refill Exclusive Flawless Cover Cushion 01 Light Beige 15 g,48,48,0
2177,Wardah Refill Exclusive Flawless Cover Cushion 02 Honey Beige 15 g,1056,144,912
2178,Wardah Refill Exclusive Flawless Cover Cushion 03 Sandy Beige 15 g,34,0,34
2180,MAKE OVER Powerstay Transferproof Matte Lip Cream B02 Lucky 7 g,3635,0,3635
2181,MAKE OVER Powerstay Transferproof Matte Lip Cream B04 Fearless 7 g,5913,0,5913
2182,MAKE OVER Powerstay Transferproof Matte Lip Cream B05 Fired Up 7 g,9774,132,9642
2183,MAKE OVER Powerstay Transferproof Matte Lip Cream B01 No. 1 7 g,7456,132,7324
2184,MAKE OVER Powerstay Transferproof Matte Lip Cream B03 Hype 7 g,7945,0,7945
2185,MAKE OVER Powerstay Transferproof Matte Lip Cream B06 Powerful 7 g,5856,0,5856
2186,MAKE OVER Powerstay Transferproof Matte Lip Cream B07 Amplify 7 g,53,0,53
2187,MAKE OVER Powerstay Transferproof Matte Lip Cream B08 Curious 7 g,17158,132,17026
2194,MAKE OVER Powerstay Total Cover Matte Cream Foundation W42 Warm Sand 12 g,1,0,1
2196,MAKE OVER Color Hypnose Creamy Lipmatte 01 Charm 4.3 g,397,0,397
2197,MAKE OVER Color Hypnose Creamy Lipmatte 02 Flirt 4.3 g,201,0,201
2198,MAKE OVER Color Hypnose Creamy Lipmatte 03 Allure 4.3 g,198,0,198
2199,MAKE OVER Color Hypnose Creamy Lipmatte 04 Hypnotic 4.3 g,13,0,13
2200,MAKE OVER Color Hypnose Creamy Lipmatte 05 Scandal 4.3 g,577,0,577
2201,MAKE OVER Color Hypnose Creamy Lipmatte 06 Kiss 4.3 g,561,96,465
2202,MAKE OVER Color Hypnose Creamy Lipmatte 07 Temptation 4.3 g,30,24,6
2203,MAKE OVER Color Hypnose Creamy Lipmatte 08 Addicted 4.3 g,541,12,529
2204,MAKE OVER Color Hypnose Creamy Lipmatte 09 Undercover 4.3 g,161,0,161
2205,MAKE OVER Color Hypnose Creamy Lipmatte 10 Bewitched 4.3 g,161,0,161
2206,MAKE OVER Color Hypnose Creamy Lipmatte 11 Adore 4.3 g,378,12,366
2207,MAKE OVER Color Hypnose Creamy Lipmatte 12 Magnet 4.3 g,340,0,340
2208,Emina 2 in 1 Scrub Mask 50 ml,5736,96,5640
2209,Emina Aloe Vera Face Mist 60 ml,3580,0,3580
2258,Malaysia Wardah Instaperfect BROWFESSIONAL 3D Brow Mascara 02. DEEP GREY 5.5 g,912,0,912
2306,MAKE OVER Powerstay Matte Powder Foundation N50 Tan 12 g,12,0,12
2317,Emina Magic Potion 05 Summer 5.5 ml,12444,132,12312
2318,MAKE OVER Eye Brow Definition Kit 01 Dark Brown 6.9 g,31,0,31
2319,MAKE OVER Eye Brow Definition Kit 02 Grey Brown 6.9 g,17,0,17
2320,Wardah Nature Daily Orange Pomelo Brightening Wash Off Capsule Mask 10 ml,1872,0,1872
2321,Emina Magic Potion 06 Sassy 5.5 ml,1224,264,960
2326,Wardah Nature Daily Amazonian Acai Berry Antioxidant Capsule Mask 10 ml,2739,0,2739
2330,MAKE OVER Powerstay Demi-Matte Cover Cushion W41 Coral Sand 15 g,2,0,2
2331,Wardah Nature Daily Milky Oat Exfoliating Scrub Capsule Mask 10 ml,978,54,924
2333,Wardah Nature Daily Alpine Apple Nutritive Gel Capsule Mask 10 ml,2502,0,2502
2334,Wardah Lightening Oil-Infused Micellar Water 100 ml,446,28,418
2335,Emina Magic Potion 04 Sienna 5.5 ml,264,132,132
2353,Wardah C-Defense Sleeping Mask 30 g,4048,24,4024
2354,Wardah Colorfit Velvet Matte Lip Mousse 09 Ombre Charmer 4 g,30384,4224,26160
2355,Wardah Colorfit Velvet Matte Lip Mousse 10 Lively Coral 4 g,18656,6144,12512
2356,Wardah Colorfit Velvet Matte Lip Mousse 11 Cherish Marmalade 4 g,10591,3840,6751
2357,Wardah Colorfit Velvet Matte Lip Mousse 12 Chic Terracotta 4 g,25184,3840,21344
2358,Wardah Colorfit Velvet Matte Lip Mousse 13 Sweet Cinnamon 4 g,20816,10368,10448
2359,Wardah Colorfit Velvet Matte Lip Mousse 14 Dainty Caramel 4 g,10963,4032,6931
2361,Emina Lip Cushion 04. Say Coral 9 g,48,24,24
2363,Emina Lip Cushion 06. Coffee Please 9 g,3,0,3
2365,Wardah Lightening Powder Foundation Extra Cover 01 Light Beige 10 g,1404,72,1332
2366,Wardah Lightening Powder Foundation Extra Cover 02 Golden Beige 10 g,2484,216,2268
2367,Wardah Lightening Powder Foundation Extra Cover 03 Sheer Pink 10 g,144,72,72
2368,Wardah Lightening Powder Foundation Extra Cover 04 Natural 10 g,2292,108,2184
2369,Wardah Lightening Powder Foundation Light Feel 01 Light Beige 12 g,30996,792,30204
2370,Wardah Lightening Powder Foundation Light Feel 02 Golden Beige 12 g,68467,1044,67423
2371,Wardah Lightening Powder Foundation Light Feel 03 Sheer Pink 12 g,41976,612,41364
2372,Wardah Lightening Powder Foundation Light Feel 04 Natural 12 g,23515,720,22795
2373,Wardah Lightening Powder Foundation Light Feel 05 Beige 12 g,1440,288,1152
2374,Wardah Lightening Powder Foundation Light Feel 06 Ivory 12 g,828,108,720
2375,Wardah Lightening Powder Foundation Light Feel 07 Honey Beige 12 g,648,72,576
2376,Wardah Refill Lightening Powder Foundation Extra Cover 01 Light Beige 10 g,1884,144,1740
2377,Wardah Refill Lightening Powder Foundation Extra Cover 02 Golden Beige 10 g,4194,288,3906
2378,Wardah Refill Lightening Powder Foundation Extra Cover 03 Sheer Pink 10 g,1320,0,1320
2379,Wardah Refill Lightening Powder Foundation Extra Cover 04 Natural 10 g,3600,0,3600
2380,Wardah Refill Lightening Powder Foundation Light Feel 01 Light Beige 12 g,33924,2304,31620
2381,Wardah Refill Lightening Powder Foundation Light Feel 02 Golden Beige 12 g,27024,20016,7008
2382,Wardah Refill Lightening Powder Foundation Light Feel 03 Sheer Pink 12 g,26772,1008,25764
2383,Wardah Refill Lightening Powder Foundation Light Feel 04 Natural 12 g,26989,2448,24541
2384,Wardah Refill Lightening Powder Foundation Light Feel 05 Beige 12 g,9684,288,9396
2385,Wardah Refill Lightening Powder Foundation Light Feel 06 Ivory 12 g,10402,576,9826
2386,Wardah Refill Lightening Powder Foundation Light Feel 07 Honey Beige 12 g,5544,0,5544
2387,Wardah Lightening Matte Powder 01 Light Beige 20 g,18396,336,18060
2388,Wardah Lightening Matte Powder 02 Beige 20 g,22066,560,21506
2389,Wardah Lightening Matte Powder 03 Ivory 20 g,14476,280,14196
2390,Wardah Lightening Matte Powder 04 Natural 20 g,16547,448,16099
2391,Emina Bright Stuff for Acne Prone Skin Face Wash 100 ml,28060,5480,22580
2393,Wardah Lightening Whip Facial Foam 50 ml,2251,900,1351
2394,Wardah Lightening Whip Facial Foam 100 ml,9430,0,9430
2395,Wardah Lightening Oil-Infused Micellar Water 50 ml,32,0,32
2396,Emina Glossy Stain 02 Apple Shower 3 g,30000,288,29712
2397,Emina Glossy Stain 03 Candy Rain 3 g,12,0,12
2398,Emina Bright Stuff for Acne Prone Skin Moisturizing Cream 20 ml,88546,2376,86170
2399,Emina Glossy Stain 04 Peach Sprinkles 3 g,22416,96,22320
2400,MAKE OVER Powerstay Radiant Illuminizer Lumiere 25 g,153,0,153
2401,MAKE OVER Powerstay Radiant Illuminizer Sun Kissed 25 g,1,0,1
2402,MAKE OVER Powerstay Glossy Lip Top Coat 6.2 g,6,0,6
2403,Wardah Lightening Liquid Concealer 01 Light 7 g (Blister),20777,4752,16025
2404,Wardah Lightening Liquid Concealer 02 Beige 7 g (Blister),28416,5976,22440
2405,MAKE OVER Powerstay Matte Powder Foundation N20 Ivory 12 g,576,0,576
2406,Emina Glossy Stain 01 Autumn Bell 3 g,22152,576,21576
2407,MAKE OVER Powerstay Matte Powder Foundation N40 Sand 12 g,144,24,120
2408,Emina Glossy Stain 05 Spring Dazzle 3 g,16836,288,16548
2412,Wardah Lightening Micellar Gentle Wash 50 ml,73777,3000,70777
2413,Wardah Lightening Micellar Gentle Wash 100 ml,30761,2450,28311
2414,Wardah Lightening Day Cream Advanced Niacinamide 30 g,116611,3000,113611
2415,Wardah Lightening Night Cream Advanced Niacinamide 30 g,95683,1152,94531
2416,Wardah Lightening Day Cream Advanced Niacinamide 20 mL,111071,2592,108479
2417,Wardah Lightening Night Cream Advanced Niacinamide 20 mL,61998,1836,60162
2418,Wardah Lightening Liquid Foundation 01. Light Beige 25 ml (Blister),4,0,4
2419,Wardah Lightening Liquid Foundation 02. Beige 25 ml (Blister),12204,1440,10764
2420,Wardah Lightening Liquid Foundation 03. Ivory 25 ml (Blister),179,162,17
2422,Wardah Nature Daily Aloe Hydramild Hand Sanitizer 100 ml,5832,112,5720
2425,Wardah Exclusive Glowing Highlighter 6.5 g,1104,1056,48
2427,Wardah Lightening Essence Sheet Mask 20 ml,199,80,119
2428,Wardah Lightening Face Toner 125 ml,144697,2808,141889
2431,Wardah Lightening Cleansing Milk 100 ml,59815,525,59290
2432,WARDAH CRYSTALLURE Precious All Day Corrective Concealer 11 LIGHT 1.9 ml,3126,0,3126
2433,WARDAH CRYSTALLURE Precious All Day Corrective Concealer 12 BEIGE1.9 ml,450,0,450
2434,Wardah Lightening Gentle Exfoliator 50 ml,50106,1700,48406
2435,WARDAH CRYSTALLURE Precious Liquid Lip Couture 01 Royale 6.5 g,210,0,210
2436,WARDAH CRYSTALLURE Precious Liquid Lip Couture 02 Sophistique 6.5 g,41,0,41
2437,WARDAH CRYSTALLURE Precious Liquid Lip Couture 03 Grandiose 6.5 g,57,0,57
2438,WARDAH CRYSTALLURE Precious Liquid Lip Couture 04 Haute 6.5 g,534,0,534
2439,WARDAH CRYSTALLURE Precious Liquid Lip Couture 05 Luxe 6.5 g,6,0,6
2440,Wardah Lightening Day Gel 30 g,6708,120,6588
2441,Wardah Lightening Day Gel 20 ml,9612,72,9540
2442,Emina Bright Stuff for Acne Prone Skin Face Wash 50 ml,2842,2650,192
2444,WARDAH CRYSTALLURE Precious Glow Radiance Powder 13 BEIGE 18 g,69,0,69
2447,Emina Creamatte 17 Bola Ubi 5.5 gr,2,0,2
2450,Emina Aloe Vera Hand Gel 60 ml,23,0,23
2451,Emina Bare with Me Mineral Mild Foundation 01 Light 30 ml,18,0,18
2453,Emina Bare with Me Mineral Mild Foundation 03 Caramel 30 ml,26,0,26
2455,Make Over All Purpose Sanitizer 200 ml,125,0,125
2469,Wardah UV Shield Aqua Fresh Essence SPF 50 30 ml,28980,1036,27944
2470,Wardah UV Shield Active Protection Serum SPF 50 35 ml,126,126,0
2472,Wardah UV Shield Light Matte Sun Stick 22 g,15280,144,15136
2480,Wardah Lightening Serum Ampoule 5x5 ml,25248,48,25200
2481,Malaysia Wardah Colorfit Ultralight Matte Lipstick 01 Parfait Pink 3.6 g,1440,0,1440
2482,Malaysia Wardah Colorfit Ultralight Matte Lipstick 02 Summer Peach 3.6 g,2048,0,2048
2483,Malaysia Wardah Colorfit Ultralight Matte Lipstick 03 Caramel Nude 3.6 g,1296,0,1296
2485,Malaysia Wardah Colorfit Ultralight Matte Lipstick 05 Blossom Pink 3.6 g,288,0,288
2486,Malaysia Wardah Colorfit Ultralight Matte Lipstick 06 Punch Fuchsia 3.6 g,576,0,576
2488,Malaysia Wardah Colorfit Ultralight Matte Lipstick 08 Woodsy Brown 3.6 g,432,0,432
2490,Malaysia Wardah Colorfit Velvet Matte Lip Mousse 09 Ombre Charmer 4 g,1728,0,1728
2492,Malaysia Wardah Colorfit Velvet Matte Lip Mousse 11 Cherish Marmalade 4 g,192,0,192
2493,Malaysia Wardah Colorfit Velvet Matte Lip Mousse 12 Chic Terracotta 4 g,192,0,192
2494,Malaysia Wardah Colorfit Velvet Matte Lip Mousse 13 Sweet Cinnamon 4 g,2112,0,2112
2495,Malaysia Wardah Colorfit Velvet Matte Lip Mousse 14 Dainty Caramel 4 g,768,0,768
2496,Malaysia Wardah Lightening Micellar Gentle Wash 100 ml,75600,0,75600
2500,Malaysia Wardah Lightening Night Cream Advanced Niacinamide 30 g,44,0,44
2501,Malaysia Wardah Lightening Gentle Exfoliator 50 ml,250,0,250
2502,Malaysia Wardah Lightening Face Toner 125 ml,69096,0,69096
2505,Malaysia Wardah Lightening Powder Foundation Light Feel 01 Light Beige 12 g,4140,0,4140
2506,Malaysia Wardah Lightening Powder Foundation Light Feel 02 Golden Beige 12 g,288,0,288
2507,Malaysia Wardah Lightening Powder Foundation Light Feel 03 Sheer Pink 12 g,1404,0,1404
2508,Malaysia Wardah Lightening Powder Foundation Light Feel 04 Natural 12 g,3780,0,3780
2509,Malaysia Wardah Lightening Powder Foundation Light Feel 05 Beige 12 g,1188,0,1188
2510,Malaysia Wardah Lightening Powder Foundation Light Feel 06 Ivory 12 g,360,0,360
2511,Malaysia Wardah Lightening Powder Foundation Light Feel 07 Honey Beige 12 g,540,0,540
2512,Malaysia Wardah Lightening Liquid Foundation 01. Light Beige 25 ml (Blister),1908,0,1908
2513,Malaysia Wardah Lightening Liquid Foundation 02. Beige 25 ml (Blister),1134,0,1134
2514,Malaysia Wardah Lightening Liquid Foundation 03. Ivory 25 ml (Blister),2232,0,2232
2515,Malaysia Wardah Lightening Liquid Foundation 04. Natural 25 ml (Blister),18,0,18
2516,Malaysia Wardah Lightening Liquid Concealer 01 Light 7 g (Blister),1440,0,1440
2518,Malaysia Wardah Exclusive Glowing Highlighter 6.5 g,96,0,96
2520,Emina Bright Stuff Whip Face Wash 50 ml,2450,1650,800
2521,Wardah Hydra Rose Micro Gel Serum 30 ml,6660,72,6588
2522,Wardah Hydra Rose Dewy Aqua Day Gel 40 g,2928,24,2904
2523,Wardah Hydra Rose Dewy Aqua Day Gel 17 ml,7200,72,7128
2524,Wardah Hydra Rose Moisture Rich Night Gel 40 g,9,0,9
2525,Wardah Hydra Rose Moisture Rich Night Gel 17 ml,8244,72,8172
2526,Wardah Hydra Rose Gel to Foam Cleanser 100 ml,10740,840,9900
2527,Wardah Hydra Rose Petal Infused Toner 100 ml,2580,60,2520
2534,Make Over Hydrastay Smooth Lip Whip C01 Grace 6.5 g,48,0,48
2535,Make Over Hydrastay Smooth Lip Whip C02 Ballad 6.5 g,512,168,344
2536,Make Over Hydrastay Smooth Lip Whip C03 Poetic 6.5 g,518,0,518
2537,Make Over Hydrastay Smooth Lip Whip C04 Real 6.5 g,528,0,528
2538,Make Over Hydrastay Smooth Lip Whip C05 Swift 6.5 g,547,288,259
2539,Make Over Hydrastay Smooth Lip Whip C06 Lively 6.5 g,2721,0,2721
2540,Make Over Hydrastay Smooth Lip Whip C07 Soirée 6.5 g,58,12,46
2541,Make Over Hydrastay Smooth Lip Whip C08 Devoted 6.5 g,162,72,90
2542,Make Over Hydrastay Smooth Lip Whip C09 Admire 6.5 g,133,0,133
2543,Make Over Hydrastay Smooth Lip Whip C10 Vow 6.5 g,3000,0,3000
2544,Make Over Hydrastay Smooth Lip Whip C11 Suave 6.5 g,2901,72,2829
2545,Make Over Hydrastay Smooth Lip Whip C12 Detail 6.5 g,260,72,188
2550,Malaysia Wardah Acnederm Face Powder 20 g,5020,0,5020
2552,Malaysia Wardah Acnederm Pore Blackhead Balm 20 g,14304,0,14304
2553,Malaysia Wardah Acnederm Pore Refining Toner 100 ml,4240,0,4240
2554,Malaysia Wardah Acnederm Pure Foaming Cleanser 60 ml,31031,0,31031
2555,Malaysia Wardah Acnederm Acne Spot Gel 15 ml,588,0,588
2556,Malaysia Wardah Blush On A 4 g,720,0,720
2560,Malaysia Wardah C-defense DD Cream 01 Light 20 ml,3420,0,3420
2561,Malaysia Wardah C-defense DD Cream 02 Natural 20 ml,1440,0,1440
2563,Malaysia Wardah C-defense Face Mist 55 ml,15480,0,15480
2564,Malaysia Wardah C-defense Serum 17 ml,16650,0,16650
2567,Malaysia Wardah Colorfit Velvet Matte Lip Mousse 03 Rose Ballerina 4 g,192,0,192
2568,Malaysia Wardah Colorfit Velvet Matte Lip Mousse 04 Pink Sweetheart 4 g,4608,0,4608
2569,Malaysia Wardah Colorfit Velvet Matte Lip Mousse 05 Artisan Mauve 4 g,4224,0,4224
2570,Malaysia Wardah Colorfit Velvet Matte Lip Mousse 06 Fuchsia Lover 4 g,3264,0,3264
2571,Malaysia Wardah Colorfit Velvet Matte Lip Mousse 07 Red Pioneer 4 g,2688,0,2688
2574,Malaysia Wardah Everyday BB Cream Light 30 ml,4572,0,4572
2575,Malaysia Wardah Everyday BB Cream Natural 30 ml,9936,0,9936
2576,Malaysia Wardah Everyday Fruity Sheer Lip Balm Strawberry 4 g,48,0,48
2577,Malaysia Wardah Everyday Fruity Sheer Lip Balm Grape 4 g,528,0,528
2578,Malaysia Wardah Everyday Moisture Lip Nutrition Honey 4 g,4608,0,4608
2579,Malaysia Wardah Everyday Moisture Lip Nutrition Green Tea 4 g,2112,0,2112
2580,Malaysia Wardah Everyday Shine Free BB Loose Powder 8 g,3429,0,3429
2583,Malaysia Wardah Eyeliner Pencil Black 1.14 g,6000,0,6000
2585,Malaysia Wardah Eye Shadow A 3.3 g,2640,0,2640
2586,Malaysia Wardah Eye Shadow G 3.3 g,958,0,958
2587,Malaysia Wardah Eye Shadow I 3.3 g,1800,0,1800
2590,Malaysia Wardah EyeXpert Aqua Lash Mascara 6 g,4536,0,4536
2591,Malaysia Wardah EyeXpert Eye & Lip Makeup Remover 100 ml,430,0,430
2592,Malaysia Wardah EyeXpert Eyebrow Kit 3 g,768,0,768
2593,Malaysia Wardah EyeXpert Optimum Hi-Black Liner 1 g,7600,0,7600
2595,Malaysia Wardah EyeXpert The Volume Expert Mascara 7 g,3360,0,3360
2604,Malaysia Wardah Instaperfect HYPERGETIC Precise Black Liner 1 g,576,0,576
2605,Malaysia Wardah Instaperfect MATTE FIT Powder Foundation 11 FAIR 13 g,5,0,5
2606,Malaysia Wardah Instaperfect MATTE FIT Powder Foundation 12 IVORY 13 g,4,0,4
2636,Malaysia Wardah Lightening BB Cake Powder 02 Sheer Pink 11 g,214,0,214
2637,Malaysia Wardah Lightening BB Cake Powder 03 Natural 11 g,144,0,144
2638,Malaysia Wardah Lightening BB Cream Light 30 ml,3168,0,3168
2640,Malaysia Wardah Lightening BB Cream Natural 30 ml,6372,0,6372
2641,Malaysia Wardah Lightening BB Cream Natural 15 ml,2448,0,2448
2643,Malaysia Wardah Perfect Red Lip Palette 10 g,78,0,78
2644,Malaysia Wardah Pinky Peach Lip Palette 10 g,78,0,78
2645,Malaysia Wardah Nature Daily Aloe Hydramild Facial Wash 100 ml,3420,0,3420
2646,Malaysia Wardah Nature Daily Aloe Hydramild Multifunction Gel 100 ml,5760,0,5760
2653,Malaysia Wardah Nature Daily Seaweed Balancing Facial Scrub 60 ml,3060,0,3060
2654,Malaysia Wardah Nature Daily Seaweed Cleansing Micellar Water 100 ml,1456,0,1456
2655,Malaysia Wardah Nature Daily Seaweed Cleansing Micellar Water 240 ml,1312,0,1312
2658,Malaysia Wardah Nature Daily Seaweed Balancing Facial Wash 60 ml,3276,0,3276
2659,Malaysia Wardah Nature Daily Witch Hazel Purifying Moisturizer Gel 40 ml,12780,0,12780
2664,Malaysia Wardah Perfect Bright Peel Off Mask 60 ml,648,0,648
2685,Malaysia Wardah Longlasting Lipstick 03 Simply Brown 2.3 g,1680,0,1680
2689,Malaysia Wardah Longlasting Lipstick 07 Raspberry Hip 2.3 g,480,0,480
2690,Malaysia Wardah Longlasting Lipstick 08 Red Velvet 2.3 g,240,0,240
2691,Malaysia Wardah Longlasting Lipstick 09 Vibrant Red 2.3 g,240,0,240
2693,Malaysia Wardah Longlasting Lipstick 11 Cherrie Glam 2.3 g,240,0,240
2697,Malaysia Wardah Longlasting Lipstick 15 Rouge Red 2.3 g,240,0,240
2698,Malaysia Wardah Longlasting Lipstick 16 Smooth Latte 2.3 g,240,0,240
2699,Malaysia Wardah Longlasting Lipstick 17 Passionate Red 2.3 g,240,0,240
2700,Malaysia Wardah Longlasting Lipstick 18 Sunset Orange 2.3 g,480,0,480
2701,Malaysia Wardah Longlasting Lipstick 19 Sunrise Nude 2.3 g,240,0,240
2702,Malaysia Wardah EyeXpert Staylast Liquid Eyeliner 3.5 g,720,0,720
2703,Malaysia Wardah EyeXpert Eyeshadow Classic 3.3 gr,1440,0,1440
2704,Malaysia Wardah EyeXpert Eyeshadow Passionate 3.3 gr,240,0,240
2705,Malaysia Wardah Exclusive Matte Lip Cream 01 Red-dicted 4 g,288,0,288
2730,Malaysia Wardah Intense Matte Lipstick 08 Retro Red 2.3 g,240,0,240
2733,Malaysia Wardah Intense Matte Lipstick 11 Choco Town 2.3 g,240,0,240
2735,Malaysia Wardah Intense Matte Lipstick 13 Yummy Brownie 2.3 g,240,0,240
2739,Malaysia Wardah Instaperfect BROWFESSIONAL 3D Brow Mascara 01. BROWN 5.5 g,456,0,456
2741,"Malaysia Wardah Everyday Cheek and Lip Tint 01 Red, Set, Glow! 5.5 g",31096,0,31096
2742,Malaysia Wardah Everyday Cheek and Lip Tint 02 My Baerry! 5.5 g,16108,0,16108
2743,Malaysia Wardah Everyday Cheek and Lip Tint 03 Pink on Point! 5.5 g,8640,0,8640
2750,Malaysia Wardah Exclusive Moist Lipstick 43 Magnificent Red 3.5 g,144,0,144
2752,Malaysia Wardah Exclusive Matte Lipstick 02 Magenta 3.5 g,288,0,288
2760,Malaysia Wardah Exclusive Liquid Foundation 01 Light Beige 20 ml,4320,0,4320
2761,Malaysia Wardah Exclusive Liquid Foundation 02 Sheer Pink 20 ml,2912,0,2912
2762,Malaysia Wardah Exclusive Liquid Foundation 03 Sandy Beige 20 ml,10052,0,10052
2765,Malaysia Wardah Exclusive Two Way Cake 01 Sheer Pink 12 g,34,0,34
2766,Malaysia Wardah Exclusive Two Way Cake 02 Light Beige 12 g,4,0,4
2767,Malaysia Wardah Exclusive Two Way Cake 03 Sandy Beige 12 g,6,0,6
2769,Malaysia Wardah Exclusive Two Way Cake 05 Coffee Beige 12 g,13,0,13
2770,Malaysia Wardah Exclusive Eyeshadow Palette 01 Sunset Brown 10 g,270,0,270
2773,Malaysia Wardah Exclusive Blush On 02 Coral Peach 6.5 g,2640,0,2640
2775,Malaysia Wardah Exclusive Flawless Cover Cushion 02 Honey Beige 15 g,48,0,48
2776,Malaysia Wardah Exclusive Flawless Cover Cushion 03 Sandy Beige 15 g,606,0,606
2797,MAKE OVER Powerstay Transferproof Matte Lip Cream B10 M.O. 7 g,4293,396,3897
2798,MAKE OVER Powerstay Transferproof Matte Lip Cream B11 New Rules 7 g,4,0,4
2799,MAKE OVER Powerstay Transferproof Matte Lip Cream B12 Feisty 7 g,8484,132,8352
2800,Malaysia Wardah Crystallure Supreme Revitalizing Rich Cream 50 g,4356,0,4356
2801,Malaysia Wardah Crystallure Supreme Activating Overnight Cream 50 g,480,0,480
2802,Malaysia Wardah Crystallure Supreme Advanced Eye Serum 15 ml,1044,0,1044
2803,Malaysia Wardah Crystallure Supreme Activating Booster Essence 30 ml,5588,0,5588
2804,Malaysia Wardah Crystallure Supreme Double Action Micellar Gel 150 ml,7896,0,7896
2805,Malaysia Wardah Crystallure Supreme Revitalizing Oil Serum 30 ml,330,0,330
2806,Malaysia Wardah Crystallure Supreme Advanced Hydra Gel 50 g,2664,0,2664
2808,Kahf Invigorating Waterfall Eau de Toilette 35 ml,23901,220,23681
2809,Kahf Humbling Forest Eau de Toilette 35 ml,34685,176,34509
2810,Kahf True Brotherhood Eau de Toilette 35 ml,15398,220,15178
2811,Kahf Revered Oud Eau de Toilette 35 ml,49274,440,48834
2812,Kahf Skin Energizing and Brightening Face Wash 100 ml,35807,7755,28052
2813,Kahf Oil and Acne Care Face Wash 100 ml,60831,35025,25806
2818,Kahf Soothing Antiperspirant Deodorant 50 ml,58574,336,58238
2821,MAKE OVER Hydrastay Lite Glow Cushion N10 Marble 15 g,1734,0,1734
2822,MAKE OVER Hydrastay Lite Glow Cushion W22 Warm Ivory 15 g,930,24,906
2823,MAKE OVER Hydrastay Lite Glow Cushion C21 Pink Ivory 15 g,1,0,1
2824,MAKE OVER Hydrastay Lite Glow Cushion N30 Natural Beige 15 g,2646,168,2478
2825,MAKE OVER Hydrastay Lite Glow Cushion W33 Honey Beige 15 g,21,0,21
2827,MAKE OVER Hydrastay Lite Glow Cushion W42 Warm Sand 15 g,168,24,144
2833,Wardah Nature Daily Aloe Hydramild Hand Wash 250 ml,961,0,961
2834,Wardah Nature Daily Aloe Hydramild Body Wash 250 ml,4,0,4
2835,Emina Skin Buddy Sun Protection SPF 30 PA+++ 60 ml,23539,108,23431
2836,Emina Skin Buddy Dot Burst Face Wash 60 ml,8782,144,8638
2837,Emina Skin Buddy Bubble Up Face Wash 60 ml,30528,288,30240
2838,Emina Skin Buddy Micellar Water 100 ml,10668,84,10584
2839,Emina Skin Buddy Micellar Water 50 ml,6081,256,5825
2840,Emina Skin Buddy Face Toner 100 ml,3925,25,3900
2841,MAKE OVER Hydrastay Radiant Finishing Powder 8 gr,2,0,2
2843,WARDAH CRYSTALLURE Precious Luminizing Silk Powder Foundation 12 IVORY 12 g,100,0,100
2844,WARDAH CRYSTALLURE Precious Luminizing Silk Powder Foundation 13 BEIGE 12 g,648,0,648
2845,WARDAH CRYSTALLURE Precious Luminizing Silk Powder Foundation 14 CREME 12 g,432,0,432
2846,WARDAH CRYSTALLURE Precious Lustre Prism Blush 10 g,3,0,3
2847,Emina Bright Stuff Face Toner 100 ml,3,0,3
2848,Wardah Lightening Face Mist 60 ml,55237,7600,47637
2849,Wardah Colorfit Mattifying Powder 22N Light Ivory 15 g,4344,2928,1416
2850,Wardah Colorfit Mattifying Powder 23W Warm Ivory 15 g,48,48,0
2851,Wardah Colorfit Mattifying Powder 32N Neutral Beige 15 g,7392,7392,0
2853,Wardah Colorfit Matte Foundation 11C Pink Fair 25 ml,373,62,311
2854,Wardah Colorfit Matte Foundation 22N Light Ivory 25 ml,124,124,0
2855,Wardah Colorfit Matte Foundation 23W Warm Ivory 25 ml,4277,62,4215
2856,Wardah Colorfit Matte Foundation 32N Neutral Beige 25 ml,6882,2604,4278
2857,Wardah Colorfit Matte Foundation 33W Olive Beige 25 ml,3348,930,2418
2858,Wardah Colorfit Matte Foundation 43W Golden Sand 25 ml,558,434,124
2861,Wardah Colorfit Velvet Powder Foundation 11C Pink Fair 11 g,4410,2844,1566
2862,Wardah Colorfit Velvet Powder Foundation 22N Light Ivory 11 g,3312,2520,792
2863,Wardah Colorfit Velvet Powder Foundation 23W Warm Ivory 11 g,9828,5652,4176
2864,Wardah Colorfit Velvet Powder Foundation 32N Neutral Beige 11 g,10188,1476,8712
2865,Wardah Colorfit Velvet Powder Foundation 33W Olive Beige 11 g,6264,2232,4032
2866,Wardah Colorfit Velvet Powder Foundation 43W Golden Sand 11 g,1506,1368,138
2867,Wardah Colorfit Velvet Powder Foundation 42N Neutral Sand 11 g,900,900,0
2868,Wardah Colorfit Velvet Powder Foundation 52N Almond 11 g,294,252,42
2869,Wardah Colorfit Ultralight Matte Lipstick 09 Romantic Namsan 3.6 g,1380,144,1236
2870,Wardah Colorfit Ultralight Matte Lipstick 10 Stunning Seoul 3.6 g,19223,432,18791
2871,Wardah Colorfit Ultralight Matte Lipstick 11 Sunkissed Jeju 3.6 g,6252,576,5676
2872,Wardah Colorfit Ultralight Matte Lipstick 12 Autumn Nami 3.6 g,10807,432,10375
2873,Wardah Colorfit Ultralight Matte Lipstick 13 Upbeat Hongdae 3.6 g,4680,576,4104
2874,Emina Sun Battle SPF 45 PA+++ 30 ml,36173,300,35873
2875,Emina Sun Battle SPF 30 PA+++ 60 ml,97197,10872,86325
2876,Emina Cheek Lit Blush Stick Pink 7 g,192,24,168
2877,Emina Cheek Lit Blush Stick Peach 7 g,33,0,33
2878,Emina Cheek Lit Highlighter Stick Nudetwinkle 7 g,2397,0,2397
2879,Emina Cheek Lit Highlighter Powder Nudesparkle 3.8 g,2,0,2
2880,Malaysia Wardah Hydra Rose Micro Gel Serum 30 ml,72,0,72
2882,Malaysia Wardah Hydra Rose Moisture Rich Night Gel 40 g,5568,0,5568
2883,Malaysia Wardah Hydra Rose Gel to Foam Cleanser 100 ml,13110,0,13110
2884,Malaysia Wardah Hydra Rose Petal Infused Toner 100 ml,1140,0,1140
2896,Malaysia Wardah Lightening Day Gel 30 g,17448,0,17448
2897,Wardah Lightening Serum Ampoule 8 ml,154702,1740,152962
2898,Wardah Lightening Serum Ampoule 30 ml,86976,1152,85824
2903,Emina Capsule Treat Sleeping Mask Cucumber 10 ml,42,0,42
2904,Emina Squeeze Me Up Browcara Woody 8 g,386,0,386
2906,Emina Squeeze Me Up Mascara 8 g,4104,216,3888
2907,Emina Squeeze Me Up Browcara Clear 8 g,72,72,0
2908,Emina Squeeze Me Up Liquid Concealer Light 8 g,1224,72,1152
2909,Emina Squeeze Me Up Liquid Concealer Natural 8 g,56,0,56
2910,Emina Squeeze Me Up Liquid Concealer Caramel 8 g,1368,0,1368
2911,Emina Squeeze Me Up Lip Matte 01 Have a Picnic 6.5 g,648,0,648
2914,Emina Squeeze Me Up Lip Matte 04 Lil Dancing 6.5 g,75,0,75
2918,Emina Bright Stuff Micellar Water 100 ml,29367,420,28947
2919,Emina Bright Stuff Micellar Water 50 ml,18447,320,18127
2920,Emina Bright Stuff Face Serum 30 ml,21348,468,20880
2921,Emina Bright Stuff Face Scrub 50 ml,19551,700,18851
2922,Emina Bright Stuff Face Wash 50 ml isi 6 pcs,1,0,1
2923,Emina Bright Stuff Face Toner 50 ml isi 6 pcs,3336,0,3336
2924,Wardah C-Defense Energizing Whip Foam 50 ml,4150,50,4100
2925,Wardah C-Defense Energizing Whip Foam 100 ml,15120,175,14945
2926,Wardah C-Defense Mousse Moisturizer 30 g,17928,14592,3336
2931,Wardah Colorfit Last All Day Lip Paint 12 Berry Lasting 4.2 g,6693,1152,5541
2932,Wardah Colorfit Last All Day Lip Paint 11 Everlast Pink 4.2 g,4992,144,4848
2933,Wardah Colorfit Last All Day Lip Paint 10 Forever Mauve 4.2 g,5584,1728,3856
2934,Wardah Colorfit Last All Day Lip Paint 03 Stick To Latte 4.2 g,8952,144,8808
2935,Wardah Colorfit Last All Day Lip Paint 08 Red Repeat 4.2 g,8988,576,8412
2936,Wardah Colorfit Last All Day Lip Paint 07 Brick On 4.2 g,15192,1728,13464
2937,Wardah Colorfit Last All Day Lip Paint 01 Peach Till Drop 4.2 g,10656,1440,9216
2938,Wardah Colorfit Last All Day Lip Paint 04 Brownderlast 4.2 g,9240,3600,5640
2939,Wardah Colorfit Last All Day Lip Paint 09 Timeless Rose 4.2 g,11244,1584,9660
2940,Wardah Colorfit Last All Day Lip Paint 06 Infinite Coral 4.2 g,3924,576,3348
2941,Wardah Colorfit Last All Day Lip Paint 02 Eternal Sunset 4.2 g,36912,2448,34464
2942,Wardah Colorfit Last All Day Lip Paint 05 Stay Russet 4.2 g,26311,1296,25015
2948,MAKE OVER Hydrastay Liquid Tint Blush 01 Flair 15 ml,14,0,14
2950,MAKE OVER Hydrastay Liquid Tint Blush 03 Solace 15 ml,12,0,12
2951,MAKE OVER Hydrastay Liquid Tint Blush 04 Dolce 15 ml,8,0,8
2961,Make Over Lash Impulse Waterproof Mascara 9 ml,20355,72,20283
2966,Kahf Gentle Exfoliating Face Scrub 100 ml,9,0,9
2967,Kahf Triple Protection Sunscreen Moisturizer 30 ml,61780,594,61186
2968,Kahf Everyday Multipurpose Refreshing Spray 100 ml,50,0,50
2969,Malaysia Wardah Colorfit Velvet Powder Foundation 11C Pink Fair 11 g,3924,0,3924
2970,Malaysia Wardah Colorfit Velvet Powder Foundation 22N Light Ivory 11 g,3708,0,3708
2971,Malaysia Wardah Colorfit Velvet Powder Foundation 23W Warm Ivory 11 g,3348,0,3348
2973,Malaysia Wardah Colorfit Velvet Powder Foundation 33W Olive Beige 11 g,1008,0,1008
2975,Malaysia Wardah Colorfit Velvet Powder Foundation 42N Neutral Sand 11 g,684,0,684
2977,Malaysia Wardah Colorfit Matte Foundation 11C Pink Fair 25 ml,2356,0,2356
2979,Malaysia Wardah Colorfit Matte Foundation 23W Warm Ivory 25 ml,5398,0,5398
2980,Malaysia Wardah Colorfit Matte Foundation 32N Neutral Beige 25 ml,2170,0,2170
2983,Malaysia Wardah Colorfit Matte Foundation 42N Neutral Sand 25 ml,806,0,806
2985,Malaysia Wardah Colorfit Mattifying Powder 22N Light Ivory 15 g,352,0,352
2986,Malaysia Wardah Colorfit Mattifying Powder 23W Warm Ivory 15 g,16,0,16
2987,Malaysia Wardah Colorfit Mattifying Powder 32N Neutral Beige 15 g,528,0,528
2988,Malaysia Wardah Colorfit Mattifying Powder 43W Golden Sand 15 g,336,0,336
2989,Malaysia Wardah Lightening Face Mist 60 ml,8680,0,8680
2991,Malaysia Wardah C-Defense Sleeping Mask 30 g,3600,0,3600
2999,Malaysia Emina Agent of Brow Black 1.2 gr (Pc(s)),384,0,384
3000,Malaysia Emina Agent of Brow Brown 1.2 gr (Pc(s)),384,0,384
3006,Malaysia Emina Pop Rouge Pressed Eye Shadow Brick 3.3 gr (Pc(s)),630,0,630
3013,Malaysia Emina Bright Stuff Loose Powder 55 g,4328,0,4328
3014,Malaysia Emina Cheek Lit Cream Blush Pink 10 ml (Pc(s)),490,0,490
3015,Malaysia Emina Cheek Lit Cream Blush Peach 10 ml (Pc(s)),600,0,600
3019,Malaysia Emina Cheek Lit Pressed Blush Bittersweet 3.5 gr (Pc(s)),1990,0,1990
3023,Malaysia Emina Cheek Lit Pressed Blush Violet Berry 3.5 gr (Pc(s)),120,0,120
3026,Malaysia Emina Creamytint 01 Brick Town 3.6 g,3936,0,3936
3031,Malaysia Emina Lip Cushion 01. Let It Peach 9 g,96,0,96
3032,Malaysia Emina Lip Cushion 02. Be Cherry 9 g,96,0,96
3037,Malaysia Emina Magic Potion 01 Scarlet 5.5 ml,1848,0,1848
3040,Malaysia Emina Magic Potion 04 Sienna 5.5 ml,264,0,264
3042,Malaysia Emina Magic Potion 06 Sassy 5.5 ml,528,0,528
3045,Malaysia Emina Creamatte 01 Chocolava 5.5 gr (Pc(s)),2304,0,2304
3052,Malaysia Emina Creamatte 08 Pumpkin Spice 5.5 gr,188,0,188
3053,Malaysia Emina Creamatte 09 Baby Fox 5.5 gr,144,0,144
3060,Malaysia Emina Sugar Rush Lip Scrub 4.2 gr (Pc(s)),6768,0,6768
3062,Malaysia Emina Bright Stuff Face Wash 100 ml,1240,0,1240
3063,Malaysia Emina Apricot Jam Face Scrub 60 ml (Pc(s)),4680,0,4680
3065,Malaysia Emina Bright Stuff Face Toner 100 ml,1425,0,1425
3066,Malaysia Emina Ms. Pimple Acne Solution Moisturizing Gel 20 ml,3420,0,3420
3067,Malaysia Emina Ms. Pimple Acne Solution Face Wash 50 ml,4400,0,4400
3069,Malaysia Emina Aloe Vera Gel 60 ml,2340,0,2340
3070,Malaysia Emina Aqua Infused Sleeping Mask 30 g,3776,0,3776
3071,Malaysia Emina Bright Stuff Moisturizing Cream 20 ml,24516,0,24516
3073,Malaysia Emina Aloe Vera Face Mist 60 ml,5075,0,5075
3074,Malaysia Emina Bright Stuff Essence Sheet Mask 23 g,7104,0,7104
3075,Malaysia Emina Masquerade Face Mask Rice 23 g,4752,0,4752
3076,Malaysia Emina Masquerade Face Mask Pomegranate 23 g,4992,0,4992
3077,Malaysia Emina Masquerade Face Mask Tea Tree Oil 23 g,6528,0,6528
3078,Malaysia Emina Brush Set (Set),432,0,432
3083,Malaysia Emina Glossy Stain 01 Autumn Bell 3 g,2976,0,2976
3084,Malaysia Emina Glossy Stain 02 Apple Shower 3 g,768,0,768
3088,Malaysia Emina Bright Stuff Whip Face Wash 50 ml,1550,0,1550
3090,Malaysia Emina Clay Mask Sebum Control 60 ml,2628,0,2628
3091,Malaysia Emina Clay Mask Soothe & Smooth 60 ml,3492,0,3492
3093,Malaysia Emina Bright Stuff for Acne Prone Skin Moisturizing Cream 20 ml,3096,0,3096
3096,Malaysia Emina Skin Buddy Face Toner 100 ml,450,0,450
3098,Wardah UV Shield Essential Sunscreen Gel SPF 30 (New Blister),110145,28952,81193
3099,Emina Lip Mask 9 gr (Blister Version),5889,1056,4833
3101,Crystallure Essential Skincare Routine,905,0,905
3103,Emina Poppin’ Matte 02 To Be Honest 4.5 g,25,0,25
3104,Emina Poppin’ Matte 03 Game On 4.5 g,1080,96,984
3105,Emina Poppin’ Matte 04 Snatched 4.5 g,48,0,48
3106,Emina Poppin’ Matte 05 Easy Peasy 4.5 g,2964,0,2964
3114,Emina Daily Matte Compact Powder 01 Light 11 g,11317,180,11137
3115,Emina Daily Matte Compact Powder 02 Natural 11 g,27324,540,26784
3116,Emina Daily Matte Compact Powder 03 Caramel 11 g,6617,144,6473
3117,Emina Daily Matte Compact Powder 04 Mocca 11 g,35,0,35
3118,Emina Daily Matte BB Cream 01 Light 16 g,4248,120,4128
3119,Emina Daily Matte BB Cream 02 Natural 16 g,31020,0,31020
3120,Emina Daily Matte BB Cream 03 Caramel 16 g,780,180,600
3122,Wardah Instaperfect BROWFLASH 3-in-1 Brow Perfector 01 True Brown 0.6 g,3700,720,2980
3123,Wardah Instaperfect BROWFLASH 3-in-1 Brow Perfector 02 Ash Brown 0.6 g,2105,720,1385
3124,Emina Lip Mask Vanilla Pretzel 9 g,13041,24,13017
3126,Emina Lip Mask Orange Squash 9 g,3699,72,3627
3128,Emina Masquerade Face Mask Cactus 23 g,33229,48,33181
3129,Emina Masquerade Face Mask Blueberry 23 g,27080,96,26984
3130,Emina Masquerade Face Mask Grapefruit 23 g,26749,240,26509
3131,Emina Masquerade Face Mask Charcoal 23 g,32760,48,32712
3132,Wardah Crystal Secret Brightening Day Cream 9 ml,59532,0,59532
3133,Wardah Crystal Secret Brightening Day Cream 15 ml,146690,4248,142442
3134,Wardah Crystal Secret Brightening Day Cream 30 g,23538,4608,18930
3135,Wardah Crystal Secret Bright Activating Night Cream 15 ml,61932,2124,59808
3136,Wardah Crystal Secret Bright Activating Night Cream 30 g,6053,5064,989
3137,Wardah Crystal Secret Refreshing Day Gel 15 ml,6480,900,5580
3138,Wardah Crystal Secret Refreshing Day Gel 30 g,12933,0,12933
3139,Wardah Crystal Secret Dark Spot & Brightening Serum 20 ml,43594,5000,38594
3140,Wardah Crystal Secret Pure Treatment Essence 30 ml,3006,20,2986
3141,Wardah Crystal Secret Pure Treatment Essence 50 ml,11820,125,11695
3142,Wardah Crystal Secret Pure Treatment Essence 100 ml,2220,2200,20
3143,Wardah Crystal Secret Eyes Dark Circle Corrector 10 ml,64,48,16
3144,Wardah Crystal Secret Foaming Cleanser with Natural AHA+PHA 100 ml,52538,22500,30038
3145,Wardah Crystal Secret Exfoliating Toner with Natural AHA+PHA 125 ml,21880,400,21480
3146,Wardah Crystal Secret Melting Milk Cleanser 100 ml,24720,420,24300
3147,Wardah Crystal Secret Micellar Cleansing Gel 95 ml,3632,224,3408
3148,Wardah Colorfit Velvet Powder Foundation Refill 11C Pink Fair 11 g,4932,864,4068
3149,Wardah Colorfit Velvet Powder Foundation Refill 22N Light Ivory 11 g,4923,1296,3627
3150,Wardah Colorfit Velvet Powder Foundation Refill 23W Warm Ivory 11 g,9924,432,9492
3151,Wardah Colorfit Velvet Powder Foundation Refill 32N Neutral Beige 11 g,8056,720,7336
3153,Wardah Colorfit Velvet Powder Foundation Refill 43W Golden Sand 11 g,24,0,24
3154,Wardah Colorfit Velvet Powder Foundation Refill 42N Neutral Sand 11 g,4,0,4
3158,Emina Bright Stuff Face Serum 7.5 ml,47844,2412,45432
3159,Emina Bright Stuff Face Toner 50 ml,17024,280,16744
3176,Biodef Natural Protection Mint + Green Tea Body Wash Antiseptik Alami Botol 275 ml,11,0,11
3177,Biodef Natural Protection Mint + Green Tea Body Wash Antiseptik Alami Pouch 400 ml,17088,144,16944
3178,Biodef Natural Protection Mint + Green Tea Hand Wash Antiseptik Alami Botol 250 ml,3144,12,3132
3179,Biodef Natural Protection Mint + Green Tea Hand Wash Antiseptik Alami Pouch 200 ml,882,24,858
3180,Biodef Natural Protection Mint + Sea Salt Body Wash Antiseptik Alami Botol 275 ml,648,0,648
3181,Biodef Natural Protection Mint + Sea Salt Body Wash Antiseptik Alami Pouch 400 ml,20539,0,20539
3182,Biodef Natural Protection Mint + Yuzu Body Wash Antiseptik Alami Botol 275 ml,702,0,702
3183,Biodef Natural Protection Mint + Yuzu Body Wash Antiseptik Alami Pouch 400 ml,10094,72,10022
3184,Biodef Natural Protection Mint + Yuzu Hand Wash Antiseptik Alami Botol 250 ml,2616,12,2604
3199,Emina Mattecrush 05 Morrocan Camel,12,0,12
3200,Emina Mattecrush 06 Racoon Paw,5304,576,4728
3202,Emina Ms. Pimple Acne Solution Face Toner 50 ml,5441,280,5161
3203,Emina Natura Pal Gel Cleanser 100 ml,5280,120,5160
3204,Emina Natura Pal Gel Moisturizer 20 ml,10260,72,10188
3205,Emina Natura Pal Toner Essence 100 ml,12150,50,12100
3208,Emina Skin Buddy Face Toner 50 ml,10416,0,10416
3222,Kahf Brightening and Texture Refining Face Serum 35 ml,12048,0,12048
3266,Make Over Powerskin Ultra Deep Cleansing Oil 190 ml,3575,0,3575
3272,MAKE OVER POWERSKIN Bi-Phase Oil Micellar Water 200 ml,11644,54,11590
3274,Make Over Powerskin Urban Defense Sunscreen 40 ml,10938,0,10938
3276,MAKE OVER Powerstay Matte Powder Foundation W50 Creme Tan 12 g,540,0,540
3277,MAKE OVER Powerstay Matte Powder Foundation W60 Creme Cocoa 12 g,240,0,240
3312,MAKE OVER Powerstay Matte Powder Foundation C31 Pink Beige 12 g,144,0,144
3314,MAKE OVER Powerstay Matte Powder Foundation C41 Cool Sand 12 g,194,0,194
3315,MAKE OVER Powerstay Matte Powder Foundation C51 Cool Tan 12 g,248,0,248
3316,MAKE OVER Powerstay Matte Powder Foundation W12 Warm Marble 12 g,438,48,390
3317,MAKE OVER Powerstay Matte Powder Foundation W21 Coral Ivory 12 g,648,24,624
3318,MAKE OVER Powerstay Matte Powder Foundation W32 Warm Beige 12 g,2400,48,2352
3322,Malaysia Wardah EyeXpert Eyebrow Pencil Black 1.14 g (Blister),6784,0,6784
3323,Malaysia Wardah EyeXpert Eyebrow Pencil Brown 1.14 g (Blister),2608,0,2608
3330,Tavi Color Play Face Tint Love Bites 9 g,1186,0,1186
3331,Tavi Color Play Face Tint Moonchild 9 g,702,0,702
3332,Tavi Color Play Face Tint Starburst 9 g,785,0,785
3333,Tavi Color Play Face Tint Sunset Nectar 9 g,941,0,941
3334,Tavi Color Play Face Tint Sunshine Love 9 g,566,0,566
3335,Tavi Color Play Face Tint Wallflower 9 g,1490,0,1490
3350,Tavi Plant-Based Squalane + Ceramide Moisture Boost Serum 30 ml,1332,0,1332
3356,Tavi Urban Shield 3 in 1 Super Fine Mist 90 ml,22,0,22
3365,Wardah Colorfit Cream Blush 01 SAND CORAL 3 g,1445,1320,125
3366,Wardah Colorfit Cream Blush 02 MERRY MAUVE 3 g,5280,3600,1680
3367,Wardah Colorfit Cream Blush 03 SUMMER PEACH 3 g,115,0,115
3370,Wardah COLORFIT QUAD EYE PALETTE 02 ROSÉ AURORA 6 g,2520,2460,60
3371,Wardah COLORFIT QUAD EYE PALETTE 03 SUNLIT BLAZE 6 g,4560,4200,360
3399,Wardah Colorfit Highlight Contour Palette 02 Medium,120,60,60
3400,Wardah Colorfit Perfect Glow Cushion 11C Pink Fair 15 g,11578,1248,10330
3401,Wardah Colorfit Perfect Glow Cushion 22N Light Ivory 15 g,5502,1056,4446
3402,Wardah Colorfit Perfect Glow Cushion 23W Warm Ivory 15 g,18774,1152,17622
3403,Wardah Colorfit Perfect Glow Cushion 32N Neutral Beige 15 g,1318,1152,166
3404,Wardah Colorfit Perfect Glow Cushion 33W Olive Beige 15 g,3863,2976,887
3406,Wardah Colorfit Perfect Glow Cushion 43W Golden Sand 15 g,144,144,0
3407,Wardah Colorfit Perfect Glow Cushion 52N Almond 15 g,1152,48,1104
3408,Wardah Crystallure Advanced Glow Kit,1905,70,1835
3435,Wardah Crystallure Supreme Revitalizing Rich Cream 10 g <SFG>,2458,0,2458
3436,Wardah Crystal Secret Radiant Skin Starter Kit,2,0,2
3439,Earth Love Life East Balinese Bamboo & Oriental Mint Body Wash 450 ml,1833,0,1833
3440,Earth Love Life Javanese Moringa & Balinese Starfruit Body Wash 450 ml,12142,0,12142
3441,Wardah Everyday Luminous Liquid Foundation – 01 Natural White 35 ml,35281,252,35029
3442,Wardah Everyday Luminous Liquid Foundation – 02 Light Beige 35 ml,52281,612,51669
3443,Wardah Everyday Luminous Liquid Foundation – 03 Beige 35 ml,37980,396,37584
3444,Wardah Everyday Luminous Liquid Foundation – 04 Natural 35 ml,9864,180,9684
3445,Wardah EyeXpert Eyebrow Pencil Black 1.14 g (Blister),224526,144,224382
3446,Wardah EyeXpert Eyebrow Pencil Brown 1.14 g (Blister),256691,0,256691
3447,Wardah EYEXPERT Perfect Precision Liner 1 ml,46618,336,46282
3448,Wardah EyeXpert Matic Brow Definer 01 LIGHT BROWN 0.25 g,79935,357,79578
3449,Wardah EyeXpert Matic Brow Definer 02 DARK BROWN 0.25 g,99074,1148,97926
3450,Wardah EyeXpert Matic Brow Definer 03 DARK GREY 0.25 g,83536,635,82901
3463,Wardah Instaperfect Litesplash Lip Sorbet 02 Pomelo 4.2 g,1464,0,1464
3464,Wardah Instaperfect Litesplash Lip Sorbet 01 Malwina 4.2 g,696,0,696
3470,Instaperfect QUICKMATTE Loose Powder 11 Fair Pink 9 g,879,0,879
3471,Instaperfect QUICKMATTE Loose Powder 32 True Beige 9 g,576,0,576
3472,Instaperfect SKINFOCUS Cover Foundation 11 Fair Pink 30 ml,1171,0,1171
3473,Instaperfect SKINFOCUS Cover Foundation 22 Light Ivory 30 ml,12,0,12
3474,Instaperfect SKINFOCUS Cover Foundation 32 True Beige 30 ml,278,0,278
3475,Instaperfect SKINFOCUS Cover Foundation 33 Warm Olive 30 ml,41,0,41
3476,Wardah EYEXPERT Liftlast Waterproof Mascara 8 ml,39420,576,38844
3477,Wardah Lightening Liquid Foundation 01. Light Beige 6 ml,10464,504,9960
3478,Wardah Lightening Liquid Foundation 02. Beige 6 ml,31299,216,31083
3479,Wardah Lightening Liquid Foundation 03. Ivory 6 ml,31560,432,31128
3480,Wardah Lightening Liquid Foundation 04. Natural 6 ml,3215,144,3071
3489,Wardah Nature Daily Aloe Hydramild Essence Toner 100 ml,11125,650,10475
3491,Wardah Perfect Bright Creamy Foam Brightening + Smoothing 6 x 20 ml,14308,64,14244
3494,Wardah Refill Colorfit Perfect Glow Cushion 11C Pink Fair,720,144,576
3495,Wardah Refill Colorfit Perfect Glow Cushion 22N Light Ivory,2640,48,2592
3496,Wardah Refill Colorfit Perfect Glow Cushion 23W Warm Ivory,8082,48,8034
3497,Wardah Refill Colorfit Perfect Glow Cushion 32N Neutral Beige,4068,96,3972
3508,Wardah Everyday! Matte Lip Shot 01 #fyp 1.8 g,7092,384,6708
3509,Wardah Everyday! Matte Lip Shot 02 #throwback 1.8 g,192,192,0
3510,Wardah Everyday! Matte Lip Shot 03 #nowplaying 1.8 g,6419,576,5843
3511,Wardah Everyday! Matte Lip Shot 04 #ootd 1.8 g,9492,576,8916
3512,Wardah Everyday! Matte Lip Shot 05 #mood 1.8 g,7188,576,6612
3516,Malaysia Wardah C-Defense Mousse Moisturizer 30 g,1200,0,1200
3517,Malaysia Wardah Colorfit Last All Day Lip Paint 01 Peach Till Drop 4.2 g,1152,0,1152
3518,Malaysia Wardah Colorfit Last All Day Lip Paint 02 Eternal Sunset 4.2 g,144,0,144
3519,Malaysia Wardah Colorfit Last All Day Lip Paint 03 Stick To Latte 4.2 g,1872,0,1872
3520,Malaysia Wardah Colorfit Last All Day Lip Paint 04 Brownderlast 4.2 g,1152,0,1152
3521,Malaysia Wardah Colorfit Last All Day Lip Paint 05 Stay Russet 4.2 g,1872,0,1872
3523,Malaysia Wardah Colorfit Last All Day Lip Paint 07 Brick On 4.2 g,288,0,288
3526,Malaysia Wardah Colorfit Last All Day Lip Paint 10 Forever Mauve 4.2 g,864,0,864
3527,Malaysia Wardah Colorfit Last All Day Lip Paint 11 Everlast Pink 4.2 g,432,0,432
3532,Wardah Acnederm Acne Care Serum 15 ml,27375,600,26775
3535,Emina Watercolor Lip Serum 01 Dawn 2 g,1904,288,1616
3536,Emina Watercolor Lip Serum 02 Mist 2 g,24,0,24
3537,Emina Watercolor Lip Serum 03 Dusk 2 g,396,144,252
3538,Emina Watercolor Lip Serum 04 Haze 2 g,84,0,84
3595,EMINA Total Eclipse Pen Liner 1 ml,17580,60,17520
3600,Instaperfect Hi Glow Fluid Highlighter Moonstone,743,720,23
3606,Malaysia Wardah EyeXpert Matic Brow Definer 02 DARK BROWN 0.25 g,216,0,216
3616,Malaysia Wardah COLORFIT QUAD EYE PALETTE 01 BRUNETTE DAWN 6 g,540,0,540
3617,Malaysia Wardah COLORFIT QUAD EYE PALETTE 02 ROSÉ AURORA 6 g,1320,0,1320
3618,Malaysia Wardah COLORFIT QUAD EYE PALETTE 03 SUNLIT BLAZE 6 g,120,0,120
3619,Malaysia Wardah Colorfit Cream Blush 01 SAND CORAL 3 g,40,0,40
3620,Malaysia Wardah Colorfit Cream Blush 02 MERRY MAUVE 3 g,3760,0,3760
3621,Malaysia Wardah Colorfit Cream Blush 03 SUMMER PEACH 3 g,1240,0,1240
3623,Malaysia Wardah Colorfit Perfect Glow Cushion 22N Light Ivory,112,0,112
3624,Malaysia Wardah Colorfit Perfect Glow Cushion 23W Warm Ivory,528,0,528
3625,Malaysia Wardah Colorfit Perfect Glow Cushion 32N Neutral Beige,48,0,48
3626,Malaysia Wardah Colorfit Perfect Glow Cushion 33W Olive Beige,160,0,160
3628,Malaysia Wardah Colorfit Perfect Glow Cushion 42N Neutral Sand,48,0,48
3629,Malaysia Wardah Colorfit Perfect Glow Cushion 52N Almond,96,0,96
3630,Malaysia Emina Sun Battle SPF 45 PA+++,4875,0,4875
3631,Malaysia Emina Sun Battle SPF 30 PA+++,31176,0,31176
3632,Malaysia Emina Bright Stuff Face Scrub 50 ml,1100,0,1100
3635,Malaysia Emina Skin Buddy Sun Protection SPF 30 PA+++ 60 ml,3060,0,3060
3638,Malaysia Emina Squeeze Me Up Lip Matte 01. Have a Picnic 6.5 g,2376,0,2376
3641,Malaysia Emina Squeeze Me Up Lip Matte 04. Lil Dancing 6.5 g,288,0,288
3645,Malaysia Emina Squeeze Me Up Browcara Clear,476,0,476
3652,Malaysia Emina Masquerade Face Mask Cactus 23 g,3792,0,3792
3653,Malaysia Emina Masquerade Face Mask Grapefruit 23 g,2544,0,2544
3654,Malaysia Emina Masquerade Face Mask Blueberry 23 g,2522,0,2522
3655,Malaysia Emina Masquerade Face Mask Charcoal 23 g,3408,0,3408
3656,MAKE OVER Multifix Matte Blusher 01 Rose Hour 9 g,268,0,268
3658,MAKE OVER Multifix Matte Blusher 03 Blush Rush 9 g,1862,0,1862
3660,MAKE OVER Multifix Matte Blusher 05 Heatshot 9 g,13,0,13
3662,Malaysia Wardah Crystal Secret Brightening Day Cream 30 g,7704,0,7704
3663,Malaysia Wardah Crystal Secret Bright Activating Night Cream 30 g,3624,0,3624
3664,Malaysia Wardah Crystal Secret Dark Spot & Brightening Serum 20 ml,14250,0,14250
3666,Malaysia Wardah Crystal Secret Eyes Dark Circle Corrector 10 ml,1632,0,1632
3668,Malaysia Wardah Crystal Secret Foaming Cleanser with Natural AHA+PHA 100 ml,3780,0,3780
3673,Instaperfect QUICKMATTE Loose Powder 33 Warm Olive 9 g,16,0,16
3695,Malaysia Wardah Lightening Serum Ampoule 30 ml,28824,0,28824
3696,Malaysia Wardah Crystal Secret Pure Treatment Essence 30 ml,4060,0,4060
3707,Wardah Instaperfect BOOKMARK BROWFESSIONAL 3D Brow Mascara 01. BROWN 5.5 g,1,0,1
3712,Malaysia Emina Bright Stuff Micellar Water 100 ml,3080,0,3080
3716,Tavi Gel to Oil 1st Cleanser 100 ml,4,0,4
3725,Malaysia Wardah Colorfit Highlight Contour Palette 01 Light,840,0,840
3726,Malaysia Wardah Colorfit Highlight Contour Palette 02 Medium,1320,0,1320
3732,Wardah Renew You Facial Wash 100 ml (Pc(s)),2358,2340,18
3733,Crystallure Moisture Rich Cleansing Foam 100 ml,298,20,278
3734,Emina Ms. Pimple Acne Solution Exfoliating Toner 100 ml,5688,24,5664
3736,Emina Ms. Pimple Acne Solution Calming Gel 20 ml,26954,360,26594
3737,LABORE Sensitive Skin Care BiomeRepair Barrier Revive Cream 50 ml,780,540,240
3739,LABORÉ Sensitive Skin Care GentleBiome Barrier Repair Serum 20 ml,8400,0,8400
3740,LABORE Sensitive Skin Care GentleBiome Mild Cleanser 100 ml,3017,0,3017
3741,LABORE Sensitive Skin Care GentleBiome Hydration Toner 100 ml,1940,40,1900
3742,LABORE Sensitive Skin Care GentleBiome Skin Nutrition Gel 50 ml,143,0,143
3743,LABORE Sensitive Skin Care BiomeProtect Physical Sunscreen 30 ml,1147,0,1147
3744,LABORE Sensitive Skin Care On-The-Go Minis,1314,0,1314
3745,LABORE Sensitive Skin Care BiomeProtect Physical Sunscreen 10 ml,144,48,96
3746,LABORE Sensitive Skin Care BiomeRepair Barrier Revive Cream 10 ml,12,0,12
3747,LABORE Sensitive Skin Care GentleBiome Mild Cleanser 15 ml,6551,0,6551
3748,LABORE Sensitive Skin Care GentleBiome Mild Cleanser 225 ml,6,0,6
3749,LABORÉ Sensitive Skin Care GentleBiome Thermal Soothing Mist 100 ml,2387,0,2387
3750,LABORE Sensitive Skin Care On-The-Go Minis II,6257,0,6257
3752,LABORÉ Sensitive Skin Care GentleBiome Barrier Repair Serum 7 ml,457,0,457
3757,LABORE Sensitive Skin Care GentleBiome Hydration Toner 30 ml,7215,0,7215
3760,MAKE OVER Hydrastay Lite Glow Cushion W12 Warm Marble 15 g,19,0,19
3761,MAKE OVER Hydrastay Lite Glow Cushion N20 Ivory 15 g,527,24,503
3766,MAKE OVER Hydrastay Lite Glow Cushion C41 Cool Sand 15 g,11,0,11
3767,MAKE OVER Hydrastay Lite Glow Cushion N40 Sand 15 g,525,0,525
3768,MAKE OVER Hydrastay Lite Glow Cushion W50 Creme Tan 15 g,248,0,248
3769,MAKE OVER Hydrastay Lite Glow Cushion C51 Cool Tan 15 g,12,0,12
3770,MAKE OVER Hydrastay Lite Glow Cushion C62 Rich Cocoa 15 g,12,0,12
3772,MAKE OVER Powerstay Demi-Matte Cover Cushion W12 Warm Marble 15 g,2003,48,1955
3773,MAKE OVER Powerstay Demi-Matte Cover Cushion N20 Ivory 15 g,21,0,21
3774,MAKE OVER Powerstay Demi-Matte Cover Cushion W21 Coral Ivory 15 g,10,0,10
3775,MAKE OVER Powerstay Demi-Matte Cover Cushion C31 Pink Beige 15 g,2549,0,2549
3778,MAKE OVER Powerstay Demi-Matte Cover Cushion N40 Sand 15 g,2117,48,2069
3779,MAKE OVER Powerstay Demi-Matte Cover Cushion C41 Cool Sand 15 g,4941,0,4941
3780,MAKE OVER Powerstay Demi-Matte Cover Cushion W50 Creme Tan 15 g,4990,0,4990
3781,MAKE OVER Powerstay Demi-Matte Cover Cushion W60 Creme Cocoa 15 g,4704,0,4704
3782,MAKE OVER Powerstay Demi-Matte Cover Cushion C62 Rich Cocoa 15 g,5009,48,4961
3785,Kahf Skin Energizing and Brightening Face Wash with Sticker Eye Catch 100 ml,9,0,9
3788,Wardah Perfect Bright Creamy Foam Bright + Oil Control 50 ml,30520,2448,28072
3789,Wardah Perfect Bright Creamy Foam Bright + Oil Control 100 ml,46470,7980,38490
3791,Wardah Perfect Bright Creamy Foam Bright + Smooth Glow 50 ml,83786,1584,82202
3792,Wardah Perfect Bright Creamy Foam Bright + Smooth Glow 100 ml,17610,3750,13860
3793,Wardah Perfect Bright Moisturizer Bright + Oil Control SPF 30 PA+++ 20 ml,119124,2520,116604
3794,Wardah Perfect Bright Moisturizer Bright + Smooth Glow SPF 30 PA+++ 20 ml,13140,4320,8820
3795,Wardah Perfect Bright Bright + Tone Up Micellar Water 100 ml,137280,840,136440
3796,Wardah Perfect Bright Bright + Night Glow Night Moisturizer 20 ml,93774,36,93738
3798,Wardah Perfect Bright Cooling Bright Jelly Facial Foam 100 ml,32640,480,32160
3799,Wardah Perfect Bright Creamy Foam Brightening + Smoothing with Hanger 6 x 20 ml,18465,0,18465
3800,Crystallure Dual Refining Treatment Solution 120 ml,2187,0,2187
3813,Wardah Renew You Toner Essence 50 ml (Pc(s)),7475,50,7425
3814,Wardah Renew You Toner Essence 100 ml (Pc(s)),11320,120,11200
3815,Emina Ms. Pimple Acne Solution Face Serum 30 ml,1111,72,1039
3816,Wardah Renew You Night Cream 30 g (Pc(s)),25101,960,24141
3817,Wardah Renew You Eye Cream 10 g (Pc(s)),193,192,1
3818,Wardah Renew You Day Cream 30 g (Pc(s)),10089,408,9681
3826,Wardah Lightening SuperSerum Mask 20 ml,140,0,140
3828,Wardah C-defense SuperSerum Mask 20 ml,33580,0,33580
3830,Wardah Nature Daily SuperSerum Mask 20 ml,12560,0,12560
3831,Wardah Crystal Secret Radiance Serum Mask 20 ml,12670,0,12670
3832,Instaperfect Mattesetter Lip Matte Paint 10 Mosaic,131,0,131
3837,Instaperfect Mattesetter Lip Matte Paint 15 1001 Nights,1243,0,1243
3839,Emina Bright Stuff Exfoliating Toner 100 ml,36144,24,36120
3841,Emina Poppin' Matte The 90's Edition 07 Rubic Cubic 4.5 g,48,0,48
3843,Emina Poppin' Matte The 90's Edition 09 Tossin' Tazos 4.5 g,1224,0,1224
3866,Wardah SuperSerum Mask x2 - C-defense & Perfect Bright,11976,0,11976
3874,Kahf Relaxing and Acne Fight Body Wash 200 ml,35808,192,35616
3875,Kahf Cooling and Brightening Body Wash 200 ml,29520,96,29424
3878,Emina Daily Matte Cushion C01 Light 15 g,32544,0,32544
3879,Emina Daily Matte Cushion W01 Light 15 g,35160,0,35160
3880,Emina Daily Matte Cushion W02 Natural 15 g,26976,24,26952
3881,Emina Daily Matte Cushion N02 Natural 15 g,31176,0,31176
3882,Emina Daily Matte Cushion W03 Caramel 15 g,1176,24,1152
3883,Emina Daily Matte Cushion W04 Mocca 15 g,3024,0,3024
3888,Wardah Renew You Intensive Serum 15 ml (Pc(s)),67608,432,67176
3889,Wardah Renew You Day Cream 15 g (Pc(s)),56466,1908,54558
3890,Wardah Renew You Night Cream 15 g (Pc(s)),37476,1908,35568
3891,Wardah Eyexpert Brow Lash Serum 10 ml,6278,0,6278
3893,Kahf Triple Action Oil and Comedo Defense Face Wash 100 ml,53549,8235,45314
3907,Wardah Colorfit Last All Day Lip Paint 00. Alluring Jakarta,6816,3,6813
3908,Wardah Colorfit Last All Day Lip Paint 13. Dubai Lux,28680,339,28341
3910,Wardah Colorfit Last All Day Lip Paint 15. Dazzling New York,60,0,60
3911,Wardah Colorfit Last All Day Lip Paint 16. Kuala Lumpur Joy,14280,0,14280
3912,Wardah Colorfit Last All Day Lip Paint 17. Tokyo Breeze,25908,0,25908
3915,Make Over Brow Styler Eye Definer Americano 0.13 g,12843,14,12829
3927,Earth Love Life Spanish Lavender & Javanese Rice Milk Body Wash 450 ml,1807,0,1807
3928,Earth Love Life South Bali Frangipani & Tropical Coconut Water Body Wash 450 ml,1820,0,1820
3930,Earth Love Life Javanese Moringa & Balinese Starfruit Body Lotion Serum 250 ml,3720,0,3720
3931,Earth Love Life Bulgarian Rose & East Nusa Vanilla Body Lotion Serum 250 ml,3192,0,3192
3932,Earth Love Life Spanish Lavender & Javanese Rice Milk Body Lotion Serum 250 m,1248,0,1248
3994,Wardah Exclusive Two Way Cake 01 Sheer Pink 12 g,3270,60,3210
3995,Wardah Exclusive Two Way Cake 02 Light Beige 12 g,7671,0,7671
3996,Wardah Exclusive Two Way Cake 03 Sandy Beige 12 g,12510,30,12480
3997,Wardah Exclusive Two Way Cake 04 Natural 12 g,4530,390,4140
4010,Emina Poppin' Matte X Chatime 12 Hazelnut Chocolate Milk Tea,12092,72,12020
4011,Emina Poppin' Matte X Chatime 13 Brown Sugar Milk Tea,22776,72,22704
4036,Instaperfect Everlast Intense Matte Liquid 01 EXCEPTIONAL 4.2 g,1416,36,1380
4037,Instaperfect Everlast Intense Matte Liquid 02 TIMELESS 4.2 g,1500,0,1500
4038,Instaperfect Everlast Intense Matte Liquid 03 SURREAL 4.2 g,25,0,25
4039,Instaperfect Everlast Intense Matte Liquid 04 GRANDE 4.2 g,948,0,948
4040,Instaperfect Everlast Intense Matte Liquid 05 SPLENDID 4.2 g,3120,1116,2004
4041,Instaperfect Everlast Intense Matte Liquid 06 AUTHENTIC 4.2 g,318,0,318
4042,Instaperfect Everlast Intense Matte Liquid 07 EFFORTLESS 4.2 g,6,0,6
4043,Instaperfect Everlast Intense Matte Liquid 08 DASHING 4.2 g,996,12,984
4044,Instaperfect Blur Mattifying Primer 20 ml,5954,68,5886
4045,Instaperfect MATTESETTER Lip Matte Paint 01. GLEE 5.5 g,1092,0,1092
4046,Instaperfect MATTESETTER Lip Matte Paint 02. DEAR 5.5 g,1176,12,1164
4047,Instaperfect MATTESETTER Lip Matte Paint 03. CHIC 5.5 g,1392,0,1392
4048,Instaperfect MATTESETTER Lip Matte Paint 04. VIBE 5.5 g,3870,0,3870
4049,Instaperfect MATTESETTER Lip Matte Paint 05. HYPE 5.5 g,876,0,876
4051,Instaperfect MATTESETTER Lip Matte Paint 07. DAZZLE 5.5 g,1005,36,969
4053,Instaperfect MATTESETTER Lip Matte Paint 09. ICON 5.5 g,1056,12,1044
4071,Wardah Lightening Oil-Infused Micellar Water 55 ml,22720,0,22720
4072,Wardah Lightening Oil-Infused Micellar Water 105 ml,39120,0,39120
4073,MAKE OVER Powerstay Demi-Matte Cover Cushion N10 Marble 15 g Relaunch,825,0,825
4074,MAKE OVER Powerstay Demi-Matte Cover Cushion W22 Warm Ivory 15 g Relaunch,2680,0,2680
4075,MAKE OVER Powerstay Demi-Matte Cover Cushion N30 Natural Beige 15 g Relaunch,5500,96,5404
4076,MAKE OVER Powerstay Demi-Matte Cover Cushion W42 Warm Sand 15 g Relaunch,1,0,1
4077,MAKE OVER Powerstay Demi-Matte Cover Cushion N50 Tan 15 g Relaunch,3335,0,3335
4078,MAKE OVER Powerstay Demi-Matte Cover Cushion C51 Cool Tan 15 g Relaunch,3973,48,3925
4079,MAKE OVER Powerstay Demi-Matte Cover Cushion C21 Pink Ivory 15 g Relaunch,23,0,23
4080,MAKE OVER Powerstay Demi-Matte Cover Cushion W33 Honey Beige 15 g Relaunch,3842,0,3842
4081,MAKE OVER Powerstay Demi-Matte Cover Cushion W30 Creme Beige 15 g Relaunch,3884,48,3836
4082,MAKE OVER Powerstay Demi-Matte Cover Cushion W41 Coral Sand 15 g Relaunch,5629,0,5629
4114,MAKE OVER Powerstay 24H Weightless Liquid Foundation W12 Warm Marble 40 ml,2500,0,2500
4115,MAKE OVER Powerstay 24H Weightless Liquid Foundation N10 Marble 40 ml,1988,0,1988
4117,MAKE OVER Powerstay 24H Weightless Liquid Foundation W21 Coral Ivory 40 ml,2000,25,1975
4118,MAKE OVER Powerstay 24H Weightless Liquid Foundation N20 Ivory 40 ml,2495,0,2495
4119,MAKE OVER Powerstay 24H Weightless Liquid Foundation C21 Pink Ivory 40 ml,1975,0,1975
4120,MAKE OVER Powerstay 24H Weightless Liquid Foundation W33 Honey Beige 40 ml,452,25,427
4121,MAKE OVER Powerstay 24H Weightless Liquid Foundation W32 Warm Beige 40 ml,1725,25,1700
4122,MAKE OVER Powerstay 24H Weightless Liquid Foundation W30 Creme Beige 40 ml,1900,25,1875
4123,MAKE OVER Powerstay 24H Weightless Liquid Foundation N30 Natural Beige 40 ml,375,325,50
4124,MAKE OVER Powerstay 24H Weightless Liquid Foundation C31 Pink Beige 40 ml,565,0,565
4125,MAKE OVER Powerstay 24H Weightless Liquid Foundation W42 Warm Sand 40 ml,1675,0,1675
4126,MAKE OVER Powerstay 24H Weightless Liquid Foundation W41 Coral Sand 40 ml,1900,0,1900
4127,MAKE OVER Powerstay 24H Weightless Liquid Foundation N40 Sand 40 ml,1975,0,1975
4129,MAKE OVER Powerstay 24H Weightless Liquid Foundation W50 Creme Tan 40 ml,1035,0,1035
4130,MAKE OVER Powerstay 24H Weightless Liquid Foundation N50 Tan 40 ml,1295,0,1295
4131,MAKE OVER Powerstay 24H Weightless Liquid Foundation C51 Cool Tan 40 ml,150,0,150
4132,MAKE OVER Powerstay 24H Weightless Liquid Foundation W60 Creme Cocoa 40 ml,400,0,400
4133,MAKE OVER Powerstay 24H Weightless Liquid Foundation C62 Rich Cocoa 40 ml,975,0,975
4134,Instaperfect Skincover Air Cushion 11 Fair Pink 11 g,1674,672,1002
4135,Instaperfect Skincover Air Cushion 22 Light Ivory 11 g,9522,720,8802
4136,Instaperfect Skincover Air Cushion 32 True Beige 11 g,8064,816,7248
4137,Instaperfect Skincover Air Cushion 43 Creme Sand 11 g,1440,768,672
4138,Instaperfect Skincover Air Cushion 52 Almond 11 g,48,48,0
4139,Instaperfect Skincover Air Cushion 33 Warm Olive 11 g,5760,768,4992
4142,Wardah Exclusive Liquid Foundation 01 Light Beige 20 ml,4592,0,4592
4143,Wardah Exclusive Liquid Foundation 02 Sheer Pink 20 ml,17304,0,17304
4144,Wardah Exclusive Liquid Foundation 03 Sandy Beige 20 ml,3892,140,3752
4145,Wardah Exclusive Liquid Foundation 04 Natural 20 ml,2128,140,1988
4164,Kahf Advancing Beard & Hair Serum 30 ml,768,48,720
4165,Kahf Nourishing Beard & Hair Oil 30 ml,816,0,816
4166,Instaperfect QUICKMATTE Loose Powder 43 Creme Sand 9 g,494,48,446
4168,Instaperfect SKINFOCUS Cover Foundation 43 Creme Sand 30 ml,24,0,24
4178,Twin Pack Malaysia Wardah Exclusive Liquid Foundation 01 Light Beige 20 ml,1326,0,1326
4179,Twin Pack Malaysia Wardah Exclusive Liquid Foundation 02 Sheer Pink 20 ml,3146,0,3146
4180,Twin Pack Malaysia Wardah Exclusive Two Way Cake 02 Light Beige 12 g,1260,0,1260
4181,Twin Pack Malaysia Wardah Exclusive Two Way Cake 04 Natural 12 g,1378,0,1378
4184,Instaperfect Matte Fit Powder Foundation 11 Fair Pink 13 g,2352,48,2304
4185,Instaperfect Matte Fit Powder Foundation 22 Light Ivory 13 g,2832,48,2784
4186,Instaperfect Matte Fit Powder Foundation 32 True Beige 13 g,1200,0,1200
4187,Instaperfect Matte Fit Powder Foundation 33 Warm Olive 13 g,2562,48,2514
4188,Instaperfect Matte Fit Powder Foundation 43 Creme Sand 13 g,864,0,864
4189,Instaperfect Matte Fit Powder Foundation 52 Almond 13 g,10,0,10
4190,Instaperfect Refill Matte Fit Powder Foundation 11 Fair Pink 13 g,1188,0,1188
4191,Instaperfect Refill Matte Fit Powder Foundation 22 Light Ivory 13 g,1212,0,1212
4192,Instaperfect Refill Matte Fit Powder Foundation 32 True Beige 13 g,2250,0,2250
4193,Instaperfect Refill Matte Fit Powder Foundation 33 Warm Olive 13 g,1770,0,1770
4194,Instaperfect Refill Matte Fit Powder Foundation 43 Creme Sand 13 g,306,0,306
4195,Instaperfect Refill Matte Fit Powder Foundation 52 Almond 13 g,207,0,207
4227,Kahf All-in-One Power Toning Face Spray 100 ml,5808,0,5808
4249,Emina Sun Battle SPF 30 PA+++ 23 ml,37726,3204,34522
4258,Malaysia Wardah Acnederm Acne Care Serum 15 ml,72,0,72
4260,Malaysia Wardah Crystallure Moisture Rich Cleansing Foam 100 ml,200,0,200
4272,Malaysia Wardah Renew You Facial Wash 100 ml (Pc(s)),21450,0,21450
4274,Malaysia Wardah Renew You Toner Essence 100 ml (Pc(s)),11340,0,11340
4276,Malaysia Wardah Renew You Intensive Serum 30 ml (Pc(s)),16524,0,16524
4277,Malaysia Wardah Renew You Eye Cream 10 g (Pc(s)),3360,0,3360
4280,Malaysia Wardah Renew You Day Cream 30 g (Pc(s)),9768,0,9768
4282,Malaysia Wardah Renew You Night Cream 30 g (Pc(s)),9240,0,9240
4284,Malaysia Wardah Perfect Bright Bright + Night Glow Night Moisturizer 20 ml,12780,0,12780
4286,Malaysia Wardah Perfect Bright Cooling Bright Jelly Facial Foam 100 ml,6990,0,6990
4287,Wardah Perfect Bright Super-Glow Berry Serum 8 ml,207413,36,207377
4310,Malaysia Instaperfect QUICKMATTE Loose Powder 11 Fair Pink 9 g,96,0,96
4311,Malaysia Instaperfect QUICKMATTE Loose Powder 32 True Beige 9 g,144,0,144
4312,Malaysia Instaperfect QUICKMATTE Loose Powder 22 Light Ivory 9 g,144,0,144
4313,Malaysia Instaperfect QUICKMATTE Loose Powder 33 Warm Olive 9 g,96,0,96
4314,Malaysia Instaperfect QUICKMATTE Loose Powder 43 Creme Sand 9 g,48,0,48
4317,Malaysia Wardah Perfect Bright Creamy Foam Bright + Oil Control 100 ml,18210,0,18210
4321,Malaysia Wardah Perfect Bright Moisturizer Bright + Oil Control SPF 30 PA+++ 20 ml,504,0,504
4322,Malaysia Wardah Perfect Bright Moisturizer Bright + Smooth Glow SPF 30 PA+++ 20 ml,11988,0,11988
4323,Malaysia Wardah Perfect Bright Bright + Tone Up Micellar Water 100 ml,28470,0,28470
4324,Malaysia Instaperfect SKINFOCUS Cover Foundation 11 Fair Pink 30 ml,108,0,108
4325,Malaysia Instaperfect SKINFOCUS Cover Foundation 22 Light Ivory 30 ml,144,0,144
4326,Malaysia Instaperfect SKINFOCUS Cover Foundation 32 True Beige 30 ml,144,0,144
4327,Malaysia Instaperfect SKINFOCUS Cover Foundation 33 Warm Olive 30 ml,108,0,108
4328,Malaysia Instaperfect SKINFOCUS Cover Foundation 43 Creme Sand 30 ml,108,0,108
4329,Malaysia Instaperfect SKINFOCUS Cover Foundation 52 Almond 30 ml,108,0,108
4386,Malaysia Instaperfect Skincover Air Cushion 11 Fair Pink 11 g,48,0,48
4387,Malaysia Instaperfect Skincover Air Cushion 22 Light Ivory 11 g,48,0,48
4388,Malaysia Instaperfect Skincover Air Cushion 32 True Beige 11 g,48,0,48
4389,Malaysia Instaperfect Skincover Air Cushion 33 Warm Olive 11 g,48,0,48
4396,Make Over Big Box 2: THE ROYAL,62,16,46
4418,Malaysia Emina Lip Mask Milky Matcha 9 g,3000,0,3000
4421,Malaysia Emina Watercolor Lip Serum 01 Dawn 2 g,1872,0,1872
4422,Malaysia Emina Watercolor Lip Serum 02 Mist 2 g,432,0,432
4423,Malaysia Emina Watercolor Lip Serum 03 Dusk 2 g,1152,0,1152
4424,Malaysia Emina Watercolor Lip Serum 04 Haze 2 g,144,0,144
4425,Malaysia Emina Poppin’ Matte 01 Lowkey,188,0,188
4426,Malaysia Emina Poppin’ Matte 02 To Be Honest,476,0,476
4428,Malaysia Emina Poppin’ Matte 04 Snatched,1056,0,1056
4429,Malaysia Emina Poppin’ Matte 05 Easy Peasy,672,0,672
4431,Malaysia Emina Natura Pal Gel Cleanser 100 ml,40,0,40
4432,Malaysia Emina Natura Pal Splash Serum 40 ml,324,0,324
4433,Malaysia Emina Natura Pal Toner Essence 100 ml,25,0,25
4434,Malaysia Emina Natura Pal Gel Moisturizer 20 ml,144,0,144
4539,Wardah Crystal Skin Package,4,0,4
4555,Wonderly Brightening Serum Body Lotion Fearless 300 ml,12,12,0
4556,Wonderly Brightening Serum Body Lotion Royale 300 ml,1944,12,1932
4558,Wonderly Brightening Serum Body Lotion Amore 300 ml,2520,0,2520
4559,Wonderly Brightening Serum Exfoliating Lotion Mode 300 ml,2580,24,2556
4560,Wonderly Advanced Brightening Face Serum 15 ml,31716,0,31716
4561,Wonderly Acne & Brightening Treatment Serum 15 ml,15372,0,15372
4575,Wardah Anti Dandruff Shampoo 170 ml,48625,984,47641
4576,Wardah Hairfall Treatment Shampoo 170 ml,203999,672,203327
4577,Wardah Colorfit Fresh Lip Ink Serum 01 Energy Shot 4 g,1385,0,1385
4578,Wardah Colorfit Fresh Lip Ink Serum 02 Smart Cookie 4 g,4614,0,4614
4579,Wardah Colorfit Fresh Lip Ink Serum 03 High Rise 4 g,9012,0,9012
4580,Wardah Colorfit Fresh Lip Ink Serum 04 Speedster 4 g,31356,0,31356
4581,Wardah Colorfit Fresh Lip Ink Serum 05 Soul Mover 4 g,39877,0,39877
4582,Wardah Colorfit Fresh Lip Ink Serum 06 Hyped Up 4 g,5560,0,5560
4583,Wardah Colorfit Fresh Lip Ink Serum 07 Busy Bee 4 g,11946,36,11910
4584,Wardah Colorfit Fresh Lip Ink Serum 08 Go Getter 4 g,6939,12,6927
4593,Wardah Nutri Shine Shampoo 170 ml,19260,456,18804
4594,Wardah Daily Fresh Shampoo 170 ml,12789,288,12501
4606,Beyondly Terra Carrier Oil 100 ml,912,0,912
4654,Malaysia Kahf Revered Oud Eau de Toilette 35 ml,1804,0,1804
4655,Malaysia Kahf Invigorating Waterfall Eau de Toilette 35 ml,3740,0,3740
4656,Malaysia Kahf Humbling Forest Eau de Toilette 35 ml,3256,0,3256
4657,Malaysia Kahf True Brotherhood Eau de Toilette 35 ml,4048,0,4048
4658,Malaysia Kahf Advancing Beard & Hair Serum 30 ml,1296,0,1296
4659,Malaysia Kahf Nourishing Beard & Hair Oil 30 ml,672,0,672
4660,Malaysia Kahf Skin Energizing and Brightening Face Wash 100 ml,2385,0,2385
4661,Malaysia Kahf Oil and Acne Care Face Wash 100 ml,8040,0,8040
4662,Malaysia Kahf Triple Protection Sunscreen Moisturizer 30 ml,4446,0,4446
4663,Malaysia Kahf Gentle Exfoliating Face Scrub 100 ml,7290,0,7290
4664,Malaysia Wardah Nature Daily Aloe Hydramild Essence Toner 100 ml,3300,0,3300
4675,LABORÉ Healthy Skin Barrier Package,257,0,257
4676,Wardah Exclusive Flawless Cover Cushion 01 Light Beige 15 g,2304,0,2304
4677,Wardah Exclusive Flawless Cover Cushion 02 Honey Beige 15 g,144,96,48
4678,Wardah Exclusive Flawless Cover Cushion 03 Sandy Beige 15 g,2640,0,2640
4679,Wardah Exclusive Flawless Cover Cushion 04 Natural 15 g,2640,0,2640
4688,Biodef Natural Protection Mint + Yuzu Body Wash Antiseptik Alami Botol 550 ml,4758,0,4758
4700,Wardah Exclusive Matte Lip Cream 01 Red-dicted 4g,133,0,133
4701,Wardah Exclusive Matte Lip Cream 02 Fuschionately 4g,10478,0,10478
4702,Wardah Exclusive Matte Lip Cream 03 See You Latte 4g,19098,576,18522
4703,Wardah Exclusive Matte Lip Cream 04 Pink Me 4g,19138,1440,17698
4704,Wardah Exclusive Matte Lip Cream 05 Speachless 4g,1636,144,1492
4705,Wardah Exclusive Matte Lip Cream 06 Feeling Red 4g,576,432,144
4706,"Wardah Exclusive Matte Lip Cream 07 Hello, Ruby 4g",30252,144,30108
4707,Wardah Exclusive Matte Lip Cream 08 Pinkcredible 4g,26352,432,25920
4708,Wardah Exclusive Matte Lip Cream 09 Mauve On ! 4g,30010,2304,27706
4709,Wardah Exclusive Matte Lip Cream 10 Berry Pretty 4g,5724,4608,1116
4710,Wardah Exclusive Matte Lip Cream 11 Oh So Nude ! 4g,72,0,72
4711,Wardah Exclusive Matte Lip Cream 12 Plum It Up 4g,25620,432,25188
4712,Wardah Exclusive Matte Lip Cream 13 Fruit Punch 4g,5640,3024,2616
4713,Wardah Exclusive Matte Lip Cream 14 My Honey Bee 4g,12,0,12
4714,Wardah Exclusive Matte Lip Cream 15 Pinky Plumise 4g,3282,1152,2130
4715,Wardah Exclusive Matte Lip Cream 16 Heartbeet 4g,10329,1008,9321
4717,Wardah Exclusive Matte Lip Cream 18 Saturdate Night 4g,4123,144,3979
4721,MAKE OVER Powerstay Suede Blush 10 Magnetic Rush 6 g,11,0,11
4778,Emina Ms. Pimple Acne Solution Face Toner 100 ml,15375,50,15325
4779,Wardah Refill Exclusive Two Way Cake 01 Sheer Pink 12 g,46305,45,46260
4780,Wardah Refill Exclusive Two Way Cake 02 Light Beige 12 g,64575,45,64530
4781,Wardah Refill Exclusive Two Way Cake 03 Sandy Beige 12 g,20295,0,20295
4782,Wardah Refill Exclusive Two Way Cake 04 Natural 12 g,20745,45,20700
4783,Wardah Refill Exclusive Two Way Cake 05 Coffee Beige 12 g,3060,0,3060
4784,Emina Ms. Pimple Acne Solution Face Wash 50 ml,77200,0,77200
4785,Emina Ms. Pimple Acne Solution Moisturizing Gel 20 ml,46512,216,46296
4788,Wardah Refill Exclusive Flawless Cover Cushion 02 Honey Beige 15 g,7680,0,7680
4789,Wardah Refill Exclusive Flawless Cover Cushion 03 Sandy Beige 15 g,3888,0,3888
4790,Wardah Refill Exclusive Flawless Cover Cushion 04 Natural 15 g,2784,0,2784
4825,Labore Sensitive Skin Care Haji & Umroh Essential Package,123,0,123
4838,Make Over Gala of the Stars Package - Warm Tone,840,0,840
4839,Make Over Gala of the Stars Package - Cool Tone,1064,0,1064
4840,Make Over Fantasia Gleam Package - Warm Tone,342,0,342
4841,Make Over Fantasia Gleam Package - Cool Tone,540,0,540
4923,Wardah Bundling Package 1 Exclusive,2880,0,2880
4939,Kahf Humbling Forest Essential Package,1104,0,1104
4991,Malaysia Wardah Exclusive Matte Lip Cream 01 Red-dicted 4g,144,0,144
4992,Malaysia Wardah Exclusive Matte Lip Cream 02 Fuschionately 4g,2304,0,2304
4993,Malaysia Wardah Exclusive Matte Lip Cream 03 See You Latte 4g,17280,0,17280
4995,Malaysia Wardah Exclusive Matte Lip Cream 05 Speachless 4g,7200,0,7200
4996,Malaysia Wardah Exclusive Matte Lip Cream 06 Feeling Red 4g,5616,0,5616
4997,"Malaysia Wardah Exclusive Matte Lip Cream 07 Hello, Ruby 4g",5328,0,5328
4998,Malaysia Wardah Exclusive Matte Lip Cream 08 Pinkcredible 4g,8496,0,8496
4999,Malaysia Wardah Exclusive Matte Lip Cream 09 Mauve On ! 4G,9504,0,9504
5000,Malaysia Wardah Exclusive Matte Lip Cream 10 Berry Pretty 4g,2304,0,2304
5001,Malaysia Wardah Exclusive Matte Lip Cream 11 Oh So Nude ! 4g,17280,0,17280
5002,Malaysia Wardah Exclusive Matte Lip Cream 12 Plum It Up 4g,4320,0,4320
5003,Malaysia Wardah Exclusive Matte Lip Cream 13 Fruit Punch 4g,2448,0,2448
5005,Malaysia Wardah Exclusive Matte Lip Cream 15 Pinky Plumise 4g,9504,0,9504
5006,Malaysia Wardah Exclusive Matte Lip Cream 16 Heartbeet 4g,720,0,720
5007,Malaysia Wardah Exclusive Matte Lip Cream 17 Rosy Cheek 4g,144,0,144
5029,Malaysia Instaperfect MATTESETTER Lip Matte Paint 01. GLEE 5.5 g,1188,0,1188
5030,Malaysia Instaperfect MATTESETTER Lip Matte Paint 02. DEAR 5.5 g,792,0,792
5031,Malaysia Instaperfect MATTESETTER Lip Matte Paint 03. CHIC 5.5 g,924,0,924
5032,Malaysia Instaperfect MATTESETTER Lip Matte Paint 04. VIBE 5.5 g,1056,0,1056
5033,Malaysia Instaperfect MATTESETTER Lip Matte Paint 05. HYPE 5.5 g,2208,0,2208
5034,Malaysia Instaperfect MATTESETTER Lip Matte Paint 06. FLAIR 5.5 g,2112,0,2112
5038,Malaysia Instaperfect Blur Mattifying Primer 20 ml,6324,0,6324
5040,Malaysia Instaperfect Matte Fit Powder Foundation 11 Fair Pink 13 g,2688,0,2688
5041,Malaysia Instaperfect Matte Fit Powder Foundation 22 Light Ivory 13 g,2400,0,2400
5042,Malaysia Instaperfect Matte Fit Powder Foundation 32 True Beige 13 g,2112,0,2112
5043,Malaysia Instaperfect Matte Fit Powder Foundation 33 Warm Olive 13 g,3024,0,3024
5044,Malaysia Instaperfect Matte Fit Powder Foundation 43 Creme Sand 13 g,1200,0,1200
5045,Malaysia Instaperfect Matte Fit Powder Foundation 52 Almond 13 g,1248,0,1248
5120,Malaysia MAKE OVER Hydration Serum 33 ml (Pc(s)),40,0,40
5122,Malaysia Make Over Powerskin Urban Defense Sunscreen 40 ml,36,0,36
5123,Malaysia MAKE OVER POWERSKIN Bi-Phase Oil Micellar Water 200 ml,36,0,36
5144,Malaysia MAKE OVER Silky Smooth Translucent Powder 02 Rosy 35 g (Pc(s)),34,0,34
5145,Malaysia MAKE OVER Silky Smooth Translucent Powder 03 Champagne 35 g (Pc(s),34,0,34
5146,Malaysia MAKE OVER Silky Smooth Translucent Powder 04 Toffee 35 g (Pc(s)),34,0,34
5147,Malaysia MAKE OVER Silky Smooth Translucent Powder 05 Snow 35 g (Pc(s)),34,0,34
5148,Malaysia MAKE OVER Silky Smooth Translucent Powder 06 Buttermilk 35 g,34,0,34
5182,Malaysia MAKE OVER Hyperblack Superstay Liner 1 g,432,0,432
5183,Malaysia Make Over Lash Impulse Waterproof Mascara 9 ml,108,0,108
5236,Malaysia MAKE OVER Powerstay Transferproof Matte Lip Cream B01 No. 1 7 g,72,0,72
5237,Malaysia MAKE OVER Powerstay Transferproof Matte Lip Cream B02 Lucky 7 g,72,0,72
5238,Malaysia MAKE OVER Powerstay Transferproof Matte Lip Cream B03 Hype 7 g,72,0,72
5239,Malaysia MAKE OVER Powerstay Transferproof Matte Lip Cream B04 Fearless 7 g,72,0,72
5240,Malaysia MAKE OVER Powerstay Transferproof Matte Lip Cream B05 Fired Up 7 g,72,0,72
5241,Malaysia MAKE OVER Powerstay Transferproof Matte Lip Cream B06 Powerful 7 g,72,0,72
5242,Malaysia MAKE OVER Powerstay Transferproof Matte Lip Cream B07 Amplify 7 g,72,0,72
5243,Malaysia MAKE OVER Powerstay Transferproof Matte Lip Cream B08 Curious 7 g,72,0,72
5245,Malaysia MAKE OVER Powerstay Matte Powder Foundation W21 Coral Ivory 12 g,24,0,24
5247,Malaysia MAKE OVER Powerstay Matte Powder Foundation C51 Cool Tan 12 g,24,0,24
5248,Malaysia MAKE OVER Powerstay Matte Powder Foundation W60 Creme Cocoa 12 g,24,0,24
5252,Malaysia MAKE OVER Powerstay Matte Powder Foundation N10 Marble 12 g,24,0,24
5254,Malaysia MAKE OVER Powerstay Matte Powder Foundation C21 Pink Ivory 12 g,24,0,24
5256,Malaysia MAKE OVER Powerstay Matte Powder Foundation N30 Natural Beige 12 g,96,0,96
5258,Malaysia MAKE OVER Powerstay Matte Powder Foundation W41 Coral Sand 12 g,24,0,24
5259,Malaysia MAKE OVER Powerstay Matte Powder Foundation C62 Rich Cocoa 12 g,24,0,24
5288,Malaysia MAKE OVER Powerstay Demi-Matte Cover Cushion N10 Marble 15 g,48,0,48
5289,Malaysia MAKE OVER Powerstay Demi-Matte Cover Cushion W22 Warm Ivory 15 g,48,0,48
5290,Malaysia MAKE OVER Powerstay Demi-Matte Cover Cushion N30 Natural Beige 15 g,96,0,96
5292,Malaysia MAKE OVER Powerstay Demi-Matte Cover Cushion N50 Tan 15 g,48,0,48
5293,Malaysia MAKE OVER Powerstay Demi-Matte Cover Cushion C62 Rich Cocoa 15 g,24,0,24
5295,Malaysia MAKE OVER Powerstay Demi-Matte Cover Cushion C21 Pink Ivory 15 g,48,0,48
5297,Malaysia MAKE OVER Powerstay Demi-Matte Cover Cushion W30 Creme Beige 15 g,48,0,48
5298,Malaysia MAKE OVER Powerstay Demi-Matte Cover Cushion W41 Coral Sand 15 g,48,0,48
5299,Malaysia MAKE OVER Powerstay Demi-Matte Cover Cushion W12 Warm Marble 15 g,48,0,48
5300,Malaysia MAKE OVER Powerstay Demi-Matte Cover Cushion N20 Ivory 15 g,48,0,48
5301,Malaysia MAKE OVER Powerstay Demi-Matte Cover Cushion W21 Coral Ivory 15 g,48,0,48
5302,Malaysia MAKE OVER Powerstay Demi-Matte Cover Cushion C31 Pink Beige 15 g,48,0,48
5303,Malaysia MAKE OVER Powerstay Demi-Matte Cover Cushion W32 Warm Beige 15 g,24,0,24
5304,Malaysia MAKE OVER Powerstay Demi-Matte Cover Cushion N40 Sand 15 g,48,0,48
5310,Malaysia MAKE OVER Powerstay Fix & Matte Makeup Setting Spray 50 ml,54,0,54
5318,Malaysia MAKE OVER Powerstay Uptown Bae Eye Palette 12 x 0.4 g,24,0,24
5319,Malaysia MAKE OVER Powerstay Royal Rose Eye Palette 12 x 0.4 g,24,0,24
5482,Malaysia MAKE OVER Powerstay Transferproof Matte Lip Cream B09 Popular 7 g,72,0,72
5483,Malaysia MAKE OVER Powerstay Transferproof Matte Lip Cream B10 M.O. 7 g,72,0,72
5484,Malaysia MAKE OVER Powerstay Transferproof Matte Lip Cream B11 New Rules 7 g,72,0,72
5485,Malaysia MAKE OVER Powerstay Transferproof Matte Lip Cream B12 Feisty 7 g,72,0,72
5486,Malaysia Wardah EYEXPERT Perfect Precision Liner 1 ml,15216,0,15216
5546,Biodef Ramadhan Package 2023 Home Lovin’ Mom,292,0,292
5547,Biodef Ramadhan Package 2023 Urban Mom,576,0,576
5548,Biodef Ramadhan Package 2023 Outdoor Mom,564,0,564
5567,Malaysia MAKE OVER Powerstay 24H Weightless Liquid Foundation N10 Marble 40 ml,25,0,25
5568,Malaysia MAKE OVER Powerstay 24H Weightless Liquid Foundation W22 Warm Ivory 40 ml,25,0,25
5569,Malaysia MAKE OVER Powerstay 24H Weightless Liquid Foundation C21 Pink Ivory 40 ml,25,0,25
5570,Malaysia MAKE OVER Powerstay 24H Weightless Liquid Foundation W33 Honey Beige 40 ml,25,0,25
5571,Malaysia MAKE OVER Powerstay 24H Weightless Liquid Foundation N30 Natural Beige 40 ml,25,0,25
5572,Malaysia MAKE OVER Powerstay 24H Weightless Liquid Foundation W42 Warm Sand 40 ml,25,0,25
5573,Malaysia MAKE OVER Powerstay 24H Weightless Liquid Foundation W41 Coral Sand 40 ml,25,0,25
5575,Malaysia MAKE OVER Powerstay 24H Weightless Liquid Foundation N20 Ivory 40 ml,25,0,25
5576,Malaysia MAKE OVER Powerstay 24H Weightless Liquid Foundation W30 Creme Beige 40 ml,25,0,25
5577,Malaysia MAKE OVER Powerstay 24H Weightless Liquid Foundation N40 Sand 40 ml,25,0,25
5578,Malaysia MAKE OVER Powerstay 24H Weightless Liquid Foundation N50 Tan 40 ml,25,0,25
5579,Malaysia MAKE OVER Powerstay 24H Weightless Liquid Foundation W32 Warm Beige 40 ml,25,0,25
5580,Malaysia MAKE OVER Powerstay 24H Weightless Liquid Foundation C51 Cool Tan 40 ml,25,0,25
5581,Malaysia MAKE OVER Powerstay 24H Weightless Liquid Foundation W12 Warm Marble 40 ml,25,0,25
5582,Malaysia MAKE OVER Powerstay 24H Weightless Liquid Foundation W50 Creme Tan 40 ml,25,0,25
P528,Wardah Tester Hand & Body Lotion ETERNAL 200 ml (pc(s)),0,0,0
P622,Wardah Tester Container Evd Lum Face Powder 01 Light Beige 30 gr (Pc(s)),0,0,0
P623,Wardah Tester Container Evd Lum Face Powder 03 Ivory 30 gr (Pc(s)),0,0,0
P624,Wardah Tester Container Evd Lum Face Powder 04 Natural 30 gr (Pc(s)),0,0,0
P629,Wardah Tester Everyday BB Cream Light 30 ml (Pc(s)),0,0,0
P630,Wardah Tester Everyday BB Cream Natural 30 ml (Pc(s)),0,0,0
P631,Wardah Tester Lightening BB Cream Light 30 ml (Pc(s)),0,0,0
P635,Wardah Tester Container Blush On Seri C 4 gr (Pc(s)),0,0,0
P636,Wardah Tester Container Blush On Seri D 4 gr (Pc(s)),0,0,0
P655,Wardah Tester Container Evd Lum Liquid Foundation 03 Beige 40 ml (Pc(s)),0,0,0
P656,Wardah Tester Container Evd Lum Liquid Foundation 04 Natural 40 ml (Pc(s)),0,0,0
P657,Wardah Tester Container Evd Lum Liquid Foundation 01 Natural White 40 ml (Pc(s)),0,0,0
P833,Wardah Tester Lipstick Longlasting 02 Pink Sorbet 2.3 g (Pc(s)),0,0,0
P835,Wardah Tester Lipstick Longlasting 04 Antique Pink 2.3 g (Pc(s)),0,0,0
P837,Wardah Tester Lipstick Longlasting 06 Delicate Pink 2.3 g (Pc(s)),0,0,0
P838,Wardah Tester Lipstick Longlasting 07 Raspberry Hip 2.3 g (Pc(s)),0,0,0
P839,Wardah Tester Lipstick Longlasting 08 Red Velvet 2.3 g (Pc(s)),0,0,0
P840,Wardah Tester Lipstick Longlasting 09 Vibrant Red 2.3 g (Pc(s)),0,0,0
P841,Wardah Tester Lipstick Longlasting 10 Stylish Mocca 2.3 g (Pc(s)),0,0,0
P842,Wardah Tester Lipstick Longlasting 11 Cherrie Glam 2.3 g (Pc(s)),0,0,0
P848,Wardah Tester Intense Matte Lipstick 03 Peach Perfect 2.3 g (Pc(s)),0,0,0
P849,Wardah Tester Intense Matte Lipstick 04 Mauve Mellow 2.3 g (Pc(s)),0,0,0
P850,Wardah Tester Intense Matte Lipstick 05 Easy Brownie 2.3 g (Pc(s)),0,0,0
P854,Wardah Tester Intense Matte Lipstick 09 Vibrant-Red 2.3 g (Pc(s)),0,0,0
P855,Wardah Tester Intense Matte Lipstick 10 Miss Terracotta 2.3 g (Pc(s)),0,0,0
P856,Wardah Tester Intense Matte Lipstick 11 Choco Town 2.3 g (Pc(s)),0,0,0
P857,Wardah Tester Intense Matte Lipstick 12 Lady Burgundy 2.3 g (Pc(s)),0,0,0
P863,Wardah Tester White Secret Pure Treatment Essence 100 ml (Pc(s)),0,0,0
P864,Wardah Tester Renew You Treatment Essence 100 ml (Pc(s)),0,0,0
P923,Wardah Tester EyeXpert Aqua Lash Mascara 6 gr,0,0,0
P924,Wardah Tester EyeXpert Perfectcurl Mascara 7 gr,0,0,0
P931,Wardah Tester EyeXpert Eyeshadow Classic 3.3 gr,0,0,0
P932,Wardah Tester EyeXpert Eyeshadow Passionate 3.3 gr,0,0,0
P955,Wardah Tester White Secret Day Cream 30 gr (Pc(s)),0,0,0
P956,Wardah Tester Renew You Anti Aging Day Cream 30 gr (Pc(s)),0,0,0
P969,Wardah Tester Lightening BB Cake Powder 01 Light 11 gr (Pc(s)),0,0,0
P970,Wardah Tester Lightening BB Cake Powder 02 Sheer Pink 11 gr (Pc(s)),0,0,0
P971,Wardah Tester Lightening BB Cake Powder 03 Natural 11 gr (Pc(s)),0,0,0
T12,Wardah Tester Container Evd Lum Face Powder 02 Beige 30 gr (Pc(s)),0,0,0
T216,Wardah Tester Container Evd Lum Two Way Cake 01 Light Beige 12 g ,0,0,0
T217,Wardah Tester Container Evd Lum Two Way Cake 02 Beige 12 g ,0,0,0
T218,Wardah Tester Container Evd Lum Two Way Cake 03 Ivory 12 g,0,0,0
T219,Wardah Tester Container Evd Lum Two Way Cake 04 Light Ivory 12 g ,0,0,0
T228,Wardah Tester Container Lightening Two Way Cake Light Feel 01 Light Beige 12 g,0,0,0
T230,Wardah Tester Container Lightening Two Way Cake Light Feel 03 Sheer Pink 12 g,0,0,0
T232,Wardah Tester Exclusive Matte Lip Cream 13 Fruit Punch 4 gr ,0,0,0
T244,Wardah Tester Eyexpert Staylast Gel Eyeliner 2 g,0,0,0
T246,Wardah Tester Body Mist ETERNAL 200 ml (pc(s)),0,0,0
T247,Wardah Tester Body Mist FLAME 200 ml (Pc(s)),0,0,0
T248,Wardah Tester Body Mist INNOCENCE 200 ml (pc(s)),0,0,0
T249,Wardah Tester Body Mist SHINE 200 ml (pc(s)),0,0,0
T251,"Wardah Tester Eye Shadow H 3,3 gr",0,0,0
T252,"Wardah Tester Eye Shadow I 3,3 gr",0,0,0
T253,"Wardah Tester Eye Shadow J 3,3 gr",0,0,0
T254,"Wardah Tester Eye Shadow K 3,3 gr",0,0,0
T255,"Wardah Tester Eye Shadow L 3,3 gr",0,0,0
T256,"Wardah Tester Eye Shadow M 3,3 gr",0,0,0
T257,"Wardah Tester Eye Shadow N 3,3 gr",0,0,0
T258,"Wardah Tester Eye Shadow A 3,3 gr",0,0,0
T259,"Wardah Tester Eye Shadow B 3,3 gr",0,0,0
T260,"Wardah Tester Eye Shadow D 3,3 gr",0,0,0
T261,"Wardah Tester Eye Shadow E 3,3 gr",0,0,0
T262,"Wardah Tester Eye Shadow F 3,3 gr",0,0,0
T263,"Wardah Tester Eye Shadow G 3,3 gr",0,0,0
T27,"Wardah Tester Eyexpert Staylast Liquid Eyeliner 3,5 gr (Pc(s))",0,0,0
T290,Wardah Tester Exclusive Matte Lip Cream 14 My Honey Bee 4 gr,0,0,0
T293,Wardah Tester Exclusive Matte Lip Cream 17 Rosy Cheek 4 gr,0,0,0
T297,Wardah Tester EyeXpert Optimum Hi-Black Liner 1 gr (Pc(s)),0,0,0
T300,Wardah Tester EyeXpert Eye & Lip Makeup Remover 100 ml,0,0,0
T306,Wardah Tester White Secret Pure Brightening Cleanser 150 ml Pc(s)),0,0,0
T307,Wardah Tester C-Defense DD Cream Light 20 ml (Pc(s)),0,0,0
T308,Wardah Tester White Secret Exfoliating Lotion 150 ml (Pc(s)),0,0,0
T310,Wardah Tester White Secret Night Cream 30 gr (Pc(s)),0,0,0
T312,Wardah Tester C-Defense DD Cream Natural 20 ml (Pc(s)),0,0,0
T313,"Wardah Tester Eye Brow Black 1,14 gr (Pc(s))",0,0,0
T314,"Wardah Tester Eye Brow Brown 1,14 gr (Pc(s))",0,0,0
T315,"Wardah Tester Eye Liner Black 1,14 gr (Pc(s))",0,0,0
T317,"Wardah Tester Eye Shadow C 3,3 gr",0,0,0
T324,Wardah Tester Hand & Body Lotion INNOCENCE 200 ml (pc(s)),0,0,0
T537,Wardah Tester Lightening Two Way Cake Extra Cover 01 Light Beige 10 g,0,0,0
T538,Wardah Tester Lightening Two Way Cake Extra Cover 02 Golden Beige 10 g,0,0,0
T539,Wardah Tester Lightening Two Way Cake Extra Cover 03 Sheer Pink 10 g,0,0,0
T540,Wardah Tester Lightening Two Way Cake Extra Cover 04 Natural 10 g,0,0,0
T542,Wardah Tester Lightening Two Way Cake Light Feel 02 Golden Beige 12 g,0,0,0
T543,Wardah Tester Lightening Two Way Cake Light Feel 03 Sheer Pink 12 g,0,0,0
T544,Wardah Tester Lightening Two Way Cake Light Feel 04 Natural 12 g,0,0,0
T601,Wardah Tester Instaperfect GLOSS CHIC Lip Crayon 01 Rhythm 2.7 g,0,0,0
T85,Wardah Tester Hand & Body Lotion SHINE 200 ml (pc(s)),0,0,0
T86,Wardah Tester Hand & Body Lotion SPARKS 200 ml (pc(s)),0,0,0
